2021-06-11 08:37:44,543 load_network                   INFO     There are 10000 nodes in the graph, and 388147 edges in the graph
2021-06-11 08:37:44,573 analyze_degree_distribution    INFO     Degree to num nodes : [(19, 1), (20, 1), (24, 1), (26, 1), (27, 1), (28, 1), (29, 1), (30, 1), (31, 4), (32, 4), (33, 6), (34, 6), (35, 6), (36, 14), (37, 11), (38, 14), (39, 19), (40, 25), (41, 13), (42, 24), (43, 29), (44, 24), (45, 30), (46, 26), (47, 21), (48, 35), (49, 31), (50, 46), (51, 40), (52, 40), (53, 44), (54, 53), (55, 43), (56, 53), (57, 60), (58, 69), (59, 63), (60, 71), (61, 76), (62, 102), (63, 117), (64, 108), (65, 137), (66, 142), (67, 158), (68, 191), (69, 180), (70, 221), (71, 225), (72, 262), (73, 268), (74, 277), (75, 314), (76, 291), (77, 365), (78, 377), (79, 389), (80, 373), (81, 385), (82, 385), (83, 404), (84, 351), (85, 339), (86, 336), (87, 285), (88, 279), (89, 248), (90, 218), (91, 220), (92, 152), (93, 158), (94, 123), (95, 115), (96, 102), (97, 76), (98, 59), (99, 49), (100, 31), (101, 29), (102, 31), (103, 28), (104, 21), (105, 16), (106, 5), (107, 8), (108, 6), (109, 8), (110, 7), (111, 5), (112, 4), (113, 6), (114, 3), (115, 1), (116, 2)]
2021-06-11 08:37:44,574 analyze_degree_distribution    INFO     Mean of the degrees : 77.6294 standard deviation : 12.64564176465552
2021-06-11 08:43:40,530 __init__                       INFO     The target network has: degree mean = 77.6294, degree std = 12.64564176465552, diameter = 6, average clustering coefficient = 0.5745321712547844
2021-06-11 08:43:40,530 analyze_all                    INFO     Starting the analysis of the models proposed

2021-06-11 08:43:40,530 __analyze_and_compare_network  INFO     Evaluating affiliationG algorithm, with these arguments : {'n': 10000, 'm': 3, 'q': 0.4, 'c': 1, 'p': 0.005, 's': 5}
2021-06-11 08:43:44,418 analyze_degree_distribution    INFO     Degree to num nodes : [(8, 2), (10, 4), (11, 2), (12, 16), (13, 49), (14, 69), (15, 137), (16, 165), (17, 258), (18, 342), (19, 469), (20, 554), (21, 604), (22, 689), (23, 715), (24, 667), (25, 679), (26, 657), (27, 520), (28, 458), (29, 452), (30, 391), (31, 317), (32, 246), (33, 240), (34, 177), (35, 161), (36, 129), (37, 111), (38, 88), (39, 74), (40, 60), (41, 50), (42, 43), (43, 42), (44, 31), (45, 29), (46, 21), (47, 24), (48, 19), (49, 21), (50, 18), (51, 13), (52, 14), (53, 13), (54, 10), (55, 9), (56, 6), (57, 9), (58, 11), (59, 6), (60, 7), (61, 6), (62, 4), (63, 5), (64, 3), (65, 4), (66, 1), (67, 3), (68, 2), (69, 6), (70, 2), (71, 4), (72, 6), (73, 1), (74, 2), (75, 3), (76, 4), (77, 2), (78, 2), (80, 3), (83, 2), (84, 2), (85, 2), (87, 2), (88, 1), (91, 2), (92, 1), (93, 1), (95, 2), (98, 1), (101, 1), (102, 1), (106, 1), (109, 1), (112, 1), (117, 1), (126, 1), (127, 1), (130, 1), (131, 1), (135, 1), (148, 1), (159, 1), (162, 1), (166, 1), (172, 1), (175, 1), (180, 1), (184, 1), (203, 1), (224, 1), (225, 1), (231, 1)]
2021-06-11 08:43:44,418 analyze_degree_distribution    INFO     Mean of the degrees : 26.575 standard deviation : 10.404776547336324
2021-06-11 08:45:11,883 __analyze_and_compare_network  INFO     Network diameter : 4
2021-06-11 08:45:12,823 __analyze_and_compare_network  INFO     Network average clustering coefficient : 0.004754906469810421
2021-06-11 08:45:12,823 __analyze_and_compare_network  INFO     The current network has a degree std that is within the threshold
2021-06-11 08:45:12,823 __analyze_and_compare_network  INFO     The current network has a diameter that is within the threshold
2021-06-11 08:45:12,823 __analyze_and_compare_network  INFO     Evaluating affiliationG algorithm, with these arguments : {'n': 10000, 'm': 5, 'q': 0.2, 'c': 1, 'p': 0.005, 's': 5}
2021-06-11 08:45:15,315 analyze_degree_distribution    INFO     Degree to num nodes : [(6, 2), (7, 8), (8, 27), (9, 87), (10, 169), (11, 267), (12, 383), (13, 555), (14, 708), (15, 774), (16, 825), (17, 823), (18, 748), (19, 659), (20, 572), (21, 525), (22, 489), (23, 327), (24, 316), (25, 269), (26, 193), (27, 171), (28, 137), (29, 115), (30, 93), (31, 98), (32, 69), (33, 64), (34, 65), (35, 42), (36, 41), (37, 28), (38, 32), (39, 27), (40, 18), (41, 26), (42, 14), (43, 23), (44, 17), (45, 8), (46, 13), (47, 10), (48, 5), (49, 4), (50, 7), (51, 9), (52, 8), (53, 9), (54, 6), (55, 5), (56, 8), (57, 4), (58, 6), (59, 7), (60, 4), (61, 7), (62, 3), (63, 2), (64, 3), (65, 2), (66, 1), (67, 2), (68, 1), (69, 3), (70, 1), (71, 4), (72, 2), (73, 1), (74, 1), (78, 1), (79, 1), (80, 1), (81, 2), (82, 1), (83, 1), (84, 2), (87, 2), (88, 1), (89, 1), (90, 2), (91, 1), (92, 3), (93, 1), (95, 1), (98, 1), (100, 2), (102, 2), (109, 2), (110, 1), (111, 1), (112, 1), (113, 1), (114, 1), (115, 2), (119, 1), (126, 1), (131, 1), (135, 1), (140, 1), (142, 1), (145, 1), (147, 1), (166, 1), (173, 1), (219, 1), (271, 1), (311, 1)]
2021-06-11 08:45:15,316 analyze_degree_distribution    INFO     Mean of the degrees : 20.0358 standard deviation : 10.510438542706007
2021-06-11 08:46:27,107 __analyze_and_compare_network  INFO     Network diameter : 5
2021-06-11 08:46:27,741 __analyze_and_compare_network  INFO     Network average clustering coefficient : 0.0040445463639474976
2021-06-11 08:46:27,741 __analyze_and_compare_network  INFO     The current network has a degree std that is within the threshold
2021-06-11 08:46:27,741 __analyze_and_compare_network  INFO     The current network has a diameter that is within the threshold
2021-06-11 08:46:27,741 __analyze_and_compare_network  INFO     Evaluating affiliationG algorithm, with these arguments : {'n': 10000, 'm': 7, 'q': 0.2, 'c': 1, 'p': 0.005, 's': 5}
2021-06-11 08:46:29,519 analyze_degree_distribution    INFO     Degree to num nodes : [(5, 2), (6, 16), (7, 80), (8, 190), (9, 369), (10, 518), (11, 740), (12, 875), (13, 873), (14, 902), (15, 829), (16, 746), (17, 606), (18, 535), (19, 434), (20, 363), (21, 302), (22, 242), (23, 183), (24, 153), (25, 143), (26, 107), (27, 92), (28, 71), (29, 59), (30, 62), (31, 49), (32, 39), (33, 36), (34, 32), (35, 26), (36, 28), (37, 16), (38, 23), (39, 13), (40, 19), (41, 20), (42, 17), (43, 6), (44, 10), (45, 5), (46, 13), (47, 14), (48, 9), (49, 7), (50, 3), (51, 11), (52, 3), (53, 6), (54, 4), (55, 2), (56, 6), (57, 7), (58, 4), (59, 2), (60, 2), (61, 2), (62, 5), (63, 1), (64, 6), (65, 1), (66, 1), (67, 2), (68, 1), (70, 2), (73, 1), (74, 1), (75, 2), (76, 1), (77, 2), (78, 2), (81, 2), (85, 2), (87, 1), (88, 2), (89, 1), (93, 1), (94, 1), (95, 2), (96, 2), (98, 1), (99, 1), (100, 1), (102, 2), (103, 2), (104, 3), (105, 1), (107, 1), (109, 1), (110, 1), (111, 1), (118, 1), (123, 2), (124, 1), (129, 1), (145, 1), (151, 2), (154, 1), (164, 1), (171, 1), (174, 1), (201, 2), (233, 1), (238, 1), (239, 1)]
2021-06-11 08:46:29,519 analyze_degree_distribution    INFO     Mean of the degrees : 17.1646 standard deviation : 10.704163061164566
2021-06-11 08:47:46,964 __analyze_and_compare_network  INFO     Network diameter : 5
2021-06-11 08:47:47,473 __analyze_and_compare_network  INFO     Network average clustering coefficient : 0.003993135424163036
2021-06-11 08:47:47,473 __analyze_and_compare_network  INFO     The current network has a degree std that is within the threshold
2021-06-11 08:47:47,473 __analyze_and_compare_network  INFO     The current network has a diameter that is within the threshold
2021-06-11 08:47:47,473 __analyze_and_compare_network  INFO     Evaluating affiliationG algorithm, with these arguments : {'n': 10000, 'm': 10, 'q': 0.2, 'c': 1, 'p': 0.005, 's': 5}
2021-06-11 08:47:48,868 analyze_degree_distribution    INFO     Degree to num nodes : [(5, 19), (6, 117), (7, 302), (8, 602), (9, 881), (10, 1003), (11, 1058), (12, 1005), (13, 901), (14, 702), (15, 573), (16, 457), (17, 383), (18, 301), (19, 250), (20, 172), (21, 162), (22, 149), (23, 117), (24, 86), (25, 75), (26, 78), (27, 65), (28, 42), (29, 45), (30, 34), (31, 42), (32, 22), (33, 30), (34, 28), (35, 22), (36, 17), (37, 16), (38, 14), (39, 15), (40, 11), (41, 11), (42, 14), (43, 13), (44, 15), (45, 7), (46, 4), (47, 2), (48, 8), (49, 4), (50, 6), (51, 3), (52, 3), (53, 6), (54, 5), (55, 6), (56, 4), (57, 5), (58, 4), (59, 5), (60, 5), (61, 2), (62, 4), (63, 4), (64, 2), (65, 2), (66, 2), (67, 2), (68, 1), (69, 1), (71, 2), (73, 1), (74, 1), (75, 3), (77, 1), (78, 2), (79, 1), (80, 1), (84, 1), (86, 2), (89, 1), (90, 1), (91, 1), (95, 1), (96, 1), (97, 1), (99, 1), (100, 1), (101, 1), (102, 2), (103, 1), (105, 1), (108, 1), (109, 1), (110, 1), (112, 1), (115, 2), (116, 1), (117, 1), (137, 1), (138, 1), (149, 1), (151, 1), (155, 1), (157, 1), (159, 1), (162, 1), (165, 2), (167, 1), (187, 1), (197, 1), (201, 1), (220, 1), (268, 1), (270, 1), (351, 1)]
2021-06-11 08:47:48,868 analyze_degree_distribution    INFO     Mean of the degrees : 14.9334 standard deviation : 11.586551015725087
2021-06-11 08:49:07,773 __analyze_and_compare_network  INFO     Network diameter : 5
2021-06-11 08:49:08,206 __analyze_and_compare_network  INFO     Network average clustering coefficient : 0.00425680505109018
2021-06-11 08:49:08,206 __analyze_and_compare_network  INFO     The current network has a degree std that is within the threshold
2021-06-11 08:49:08,206 __analyze_and_compare_network  INFO     The current network has a diameter that is within the threshold
2021-06-11 08:49:08,206 __analyze_and_compare_network  INFO     Evaluating affiliationG algorithm, with these arguments : {'n': 10000, 'm': 10, 'q': 0.2, 'c': 3, 'p': 0.005, 's': 5}
2021-06-11 08:49:12,574 analyze_degree_distribution    INFO     Degree to num nodes : [(7, 5), (8, 7), (9, 37), (10, 70), (11, 139), (12, 172), (13, 229), (14, 272), (15, 327), (16, 350), (17, 343), (18, 341), (19, 300), (20, 296), (21, 285), (22, 291), (23, 338), (24, 320), (25, 324), (26, 324), (27, 313), (28, 314), (29, 321), (30, 315), (31, 280), (32, 278), (33, 260), (34, 256), (35, 244), (36, 260), (37, 215), (38, 222), (39, 205), (40, 195), (41, 169), (42, 150), (43, 143), (44, 141), (45, 110), (46, 97), (47, 97), (48, 72), (49, 57), (50, 53), (51, 55), (52, 44), (53, 37), (54, 25), (55, 22), (56, 23), (57, 30), (58, 21), (59, 25), (60, 16), (61, 14), (62, 13), (63, 9), (64, 6), (65, 9), (66, 6), (67, 7), (68, 10), (69, 6), (70, 4), (71, 5), (72, 5), (73, 1), (74, 3), (75, 6), (76, 3), (77, 2), (78, 3), (79, 5), (80, 2), (81, 1), (82, 3), (83, 2), (84, 1), (86, 2), (87, 2), (88, 1), (89, 3), (91, 1), (93, 2), (94, 1), (96, 1), (98, 1), (99, 1), (101, 1), (102, 1), (105, 1), (106, 1), (109, 2), (110, 2), (113, 1), (117, 1), (123, 1), (125, 1), (129, 1), (131, 1), (134, 1), (135, 1), (136, 1), (159, 1), (185, 1), (187, 1), (216, 1), (222, 1), (227, 1), (275, 1)]
2021-06-11 08:49:12,574 analyze_degree_distribution    INFO     Mean of the degrees : 28.91 standard deviation : 13.42649991621048
2021-06-11 08:50:48,817 __analyze_and_compare_network  INFO     Network diameter : 5
2021-06-11 08:50:49,895 __analyze_and_compare_network  INFO     Network average clustering coefficient : 0.004976649804274832
2021-06-11 08:50:49,895 __analyze_and_compare_network  INFO     The current network has a degree std that is within the threshold
2021-06-11 08:50:49,895 __analyze_and_compare_network  INFO     The current network has a diameter that is within the threshold
2021-06-11 08:50:49,895 __analyze_and_compare_network  INFO     Evaluating affiliationG algorithm, with these arguments : {'n': 10000, 'm': 15, 'q': 0.2, 'c': 3, 'p': 0.005, 's': 5}
2021-06-11 08:50:53,058 analyze_degree_distribution    INFO     Degree to num nodes : [(5, 1), (6, 13), (7, 48), (8, 75), (9, 179), (10, 243), (11, 311), (12, 369), (13, 431), (14, 407), (15, 424), (16, 383), (17, 437), (18, 393), (19, 469), (20, 420), (21, 442), (22, 415), (23, 395), (24, 393), (25, 362), (26, 350), (27, 351), (28, 306), (29, 247), (30, 224), (31, 228), (32, 234), (33, 164), (34, 170), (35, 148), (36, 129), (37, 103), (38, 97), (39, 76), (40, 56), (41, 55), (42, 44), (43, 48), (44, 33), (45, 28), (46, 32), (47, 25), (48, 19), (49, 23), (50, 10), (51, 13), (52, 17), (53, 10), (54, 9), (55, 7), (56, 6), (57, 7), (58, 7), (59, 4), (60, 6), (61, 8), (62, 4), (63, 4), (64, 8), (65, 2), (66, 3), (67, 3), (68, 7), (70, 5), (71, 2), (72, 3), (73, 2), (76, 3), (77, 1), (78, 3), (80, 3), (82, 2), (83, 4), (84, 1), (85, 2), (86, 2), (87, 1), (89, 2), (90, 1), (91, 2), (96, 1), (97, 1), (98, 2), (103, 2), (105, 1), (109, 1), (112, 2), (115, 1), (124, 1), (127, 1), (136, 1), (140, 2), (142, 1), (147, 1), (150, 1), (154, 1), (156, 1), (165, 1), (167, 1), (219, 1), (249, 1), (267, 1)]
2021-06-11 08:50:53,058 analyze_degree_distribution    INFO     Mean of the degrees : 23.177 standard deviation : 11.910401798428127
2021-06-11 08:52:12,686 __analyze_and_compare_network  INFO     Network diameter : 5
2021-06-11 08:52:13,480 __analyze_and_compare_network  INFO     Network average clustering coefficient : 0.0042778627000278225
2021-06-11 08:52:13,480 __analyze_and_compare_network  INFO     The current network has a degree std that is within the threshold
2021-06-11 08:52:13,480 __analyze_and_compare_network  INFO     The current network has a diameter that is within the threshold
2021-06-11 08:52:13,480 __analyze_and_compare_network  INFO     Evaluating affiliationG algorithm, with these arguments : {'n': 10000, 'm': 20, 'q': 0.2, 'c': 5, 'p': 0.005, 's': 5}
2021-06-11 08:52:18,541 analyze_degree_distribution    INFO     Degree to num nodes : [(6, 4), (7, 13), (8, 33), (9, 70), (10, 112), (11, 165), (12, 209), (13, 220), (14, 225), (15, 202), (16, 205), (17, 207), (18, 227), (19, 219), (20, 233), (21, 226), (22, 234), (23, 256), (24, 254), (25, 257), (26, 237), (27, 246), (28, 254), (29, 271), (30, 276), (31, 267), (32, 284), (33, 250), (34, 248), (35, 258), (36, 268), (37, 247), (38, 241), (39, 239), (40, 208), (41, 203), (42, 231), (43, 219), (44, 218), (45, 169), (46, 171), (47, 144), (48, 142), (49, 115), (50, 115), (51, 114), (52, 65), (53, 82), (54, 68), (55, 52), (56, 62), (57, 59), (58, 36), (59, 39), (60, 35), (61, 32), (62, 21), (63, 22), (64, 18), (65, 20), (66, 12), (67, 16), (68, 22), (69, 12), (70, 8), (71, 7), (72, 3), (73, 7), (74, 2), (75, 3), (76, 8), (77, 2), (78, 5), (79, 7), (80, 5), (81, 2), (82, 3), (83, 2), (84, 3), (85, 1), (86, 2), (87, 2), (88, 3), (89, 3), (90, 3), (91, 1), (92, 3), (93, 3), (94, 1), (96, 2), (97, 1), (98, 1), (100, 2), (101, 2), (102, 2), (104, 1), (106, 1), (107, 2), (110, 1), (111, 1), (116, 1), (121, 1), (129, 1), (141, 1), (149, 2), (154, 1), (155, 1), (158, 1), (160, 1), (164, 1), (166, 1), (176, 1), (187, 1), (213, 1), (235, 1)]
2021-06-11 08:52:18,541 analyze_degree_distribution    INFO     Mean of the degrees : 32.164 standard deviation : 14.956099224062402
2021-06-11 08:54:01,956 __analyze_and_compare_network  INFO     Network diameter : 4
2021-06-11 08:54:03,206 __analyze_and_compare_network  INFO     Network average clustering coefficient : 0.00528307844685779
2021-06-11 08:54:03,207 __analyze_and_compare_network  INFO     The current network has a degree std that is within the threshold
2021-06-11 08:54:03,207 __analyze_and_compare_network  INFO     The current network has a diameter that is within the threshold
2021-06-11 08:54:03,207 analyze_all                    INFO     The analysis of the proprosed models is finished
2021-06-11 08:54:03,207 analyze_all                    INFO     None of the evaluated models seems to reflect the target network
