2021-06-10 14:34:20,567 load_network                   INFO     There are 10000 nodes in the graph, and 388147 edges in the graph
2021-06-10 14:34:20,603 analyze_degree_distribution    INFO     Degree to num nodes : [(19, 1), (20, 1), (24, 1), (26, 1), (27, 1), (28, 1), (29, 1), (30, 1), (31, 4), (32, 4), (33, 6), (34, 6), (35, 6), (36, 14), (37, 11), (38, 14), (39, 19), (40, 25), (41, 13), (42, 24), (43, 29), (44, 24), (45, 30), (46, 26), (47, 21), (48, 35), (49, 31), (50, 46), (51, 40), (52, 40), (53, 44), (54, 53), (55, 43), (56, 53), (57, 60), (58, 69), (59, 63), (60, 71), (61, 76), (62, 102), (63, 117), (64, 108), (65, 137), (66, 142), (67, 158), (68, 191), (69, 180), (70, 221), (71, 225), (72, 262), (73, 268), (74, 277), (75, 314), (76, 291), (77, 365), (78, 377), (79, 389), (80, 373), (81, 385), (82, 385), (83, 404), (84, 351), (85, 339), (86, 336), (87, 285), (88, 279), (89, 248), (90, 218), (91, 220), (92, 152), (93, 158), (94, 123), (95, 115), (96, 102), (97, 76), (98, 59), (99, 49), (100, 31), (101, 29), (102, 31), (103, 28), (104, 21), (105, 16), (106, 5), (107, 8), (108, 6), (109, 8), (110, 7), (111, 5), (112, 4), (113, 6), (114, 3), (115, 1), (116, 2)]
2021-06-10 14:34:20,607 analyze_degree_distribution    INFO     Mean of the degrees : 77.6294 standard deviation : 12.64564176465552
2021-06-10 14:45:02,044 __init__                       INFO     The target network has: degree mean = 77.6294, degree std = 12.64564176465552, diameter = 6, average clustering coefficient = 0.5745321712547844
2021-06-10 14:45:02,045 analyze_all                    INFO     Starting the analysis of the models proposed

2021-06-10 14:45:02,045 __analyze_and_compare_network  INFO     Evaluating affiliationG algorithm, with these arguments : {'n': 10000, 'm': 5, 'q': 0.1, 'c': 2, 'p': 0.05, 's': 10}
2021-06-10 14:45:10,167 analyze_degree_distribution    INFO     Degree to num nodes : [(117, 2), (119, 1), (120, 4), (121, 3), (122, 4), (123, 4), (124, 4), (125, 7), (126, 2), (127, 19), (128, 6), (129, 9), (130, 18), (131, 29), (132, 19), (133, 24), (134, 25), (135, 42), (136, 48), (137, 48), (138, 66), (139, 77), (140, 74), (141, 80), (142, 91), (143, 98), (144, 93), (145, 91), (146, 127), (147, 137), (148, 148), (149, 122), (150, 128), (151, 144), (152, 153), (153, 154), (154, 148), (155, 184), (156, 168), (157, 201), (158, 140), (159, 167), (160, 159), (161, 129), (162, 166), (163, 155), (164, 154), (165, 140), (166, 137), (167, 118), (168, 124), (169, 121), (170, 119), (171, 87), (172, 106), (173, 91), (174, 76), (175, 84), (176, 66), (177, 54), (178, 59), (179, 53), (180, 43), (181, 45), (182, 36), (183, 32), (184, 33), (185, 28), (186, 21), (187, 21), (188, 16), (189, 21), (190, 15), (191, 15), (192, 9), (193, 13), (194, 12), (195, 8), (196, 4), (197, 13), (198, 10), (199, 6), (200, 4), (201, 2), (202, 4), (203, 1), (204, 3), (205, 5), (207, 3), (208, 3), (209, 4), (210, 8), (212, 1), (213, 3), (214, 1), (215, 1), (216, 1), (217, 3), (218, 3), (219, 2), (220, 2), (221, 2), (222, 1), (223, 1), (225, 3), (226, 1), (228, 1), (231, 2), (232, 1), (234, 1), (241, 1), (243, 1), (245, 2), (246, 1), (248, 3), (249, 2), (250, 1), (251, 5), (252, 1), (253, 2), (255, 5), (256, 3), (257, 7), (258, 2), (259, 4), (260, 5), (261, 2), (262, 7), (263, 6), (264, 8), (265, 14), (266, 18), (267, 9), (268, 10), (269, 21), (270, 24), (271, 12), (272, 19), (273, 17), (274, 33), (275, 26), (276, 30), (277, 32), (278, 30), (279, 40), (280, 44), (281, 48), (282, 44), (283, 54), (284, 55), (285, 58), (286, 62), (287, 59), (288, 75), (289, 72), (290, 63), (291, 61), (292, 69), (293, 70), (294, 86), (295, 69), (296, 81), (297, 79), (298, 93), (299, 63), (300, 76), (301, 79), (302, 113), (303, 81), (304, 78), (305, 94), (306, 73), (307, 87), (308, 76), (309, 65), (310, 84), (311, 65), (312, 82), (313, 68), (314, 81), (315, 85), (316, 60), (317, 70), (318, 62), (319, 63), (320, 59), (321, 49), (322, 47), (323, 58), (324, 36), (325, 41), (326, 27), (327, 51), (328, 37), (329, 41), (330, 32), (331, 31), (332, 26), (333, 36), (334, 27), (335, 25), (336, 20), (337, 22), (338, 27), (339, 22), (340, 25), (341, 15), (342, 6), (343, 11), (344, 18), (345, 13), (346, 13), (347, 8), (348, 10), (349, 6), (350, 10), (351, 6), (352, 10), (353, 8), (354, 4), (355, 4), (356, 7), (357, 5), (358, 8), (359, 4), (360, 4), (362, 4), (363, 2), (364, 5), (365, 4), (366, 3), (367, 5), (368, 4), (369, 3), (370, 1), (371, 2), (373, 3), (374, 2), (375, 2), (376, 2), (378, 2), (384, 1), (385, 2), (387, 2), (390, 2), (391, 1), (392, 1), (394, 2), (400, 2), (401, 1), (404, 1), (406, 1), (412, 1), (416, 1), (423, 1), (427, 1), (430, 1), (458, 1)]
2021-06-10 14:45:10,167 analyze_degree_distribution    INFO     Mean of the degrees : 221.0436 standard deviation : 74.65666814853178
2021-06-10 14:52:57,765 __analyze_and_compare_network  INFO     Network diameter : 3
2021-06-10 14:53:57,474 __analyze_and_compare_network  INFO     Network average clustering coefficient : 0.04443875528153013
2021-06-10 14:53:57,474 __analyze_and_compare_network  INFO     Evaluating GenWS2DG algorithm, with these arguments : {'n': 10000, 'r': 8, 'k': 5, 'q': 3}
2021-06-10 14:58:47,220 analyze_degree_distribution    INFO     Degree to num nodes : [(40, 1), (43, 1), (44, 1), (49, 1), (53, 1), (55, 1), (59, 1), (62, 1), (63, 1), (64, 1), (67, 2), (68, 1), (69, 2), (70, 3), (71, 3), (73, 2), (76, 5), (77, 3), (78, 2), (79, 3), (80, 3), (81, 5), (82, 1), (83, 1), (84, 2), (85, 2), (86, 9), (87, 1), (88, 6), (89, 9), (90, 4), (91, 6), (92, 4), (93, 7), (94, 13), (95, 9), (96, 13), (97, 10), (98, 10), (99, 16), (100, 24), (101, 14), (102, 13), (103, 17), (104, 27), (105, 24), (106, 15), (107, 19), (108, 27), (109, 19), (110, 21), (111, 22), (112, 21), (113, 18), (114, 32), (115, 18), (116, 16), (117, 21), (118, 30), (119, 22), (120, 21), (121, 18), (122, 19), (123, 16), (124, 22), (125, 22), (126, 32), (127, 25), (128, 17), (129, 20), (130, 24), (131, 28), (132, 31), (133, 25), (134, 21), (135, 21), (136, 23), (137, 31), (138, 29), (139, 24), (140, 25), (141, 23), (142, 24), (143, 25), (144, 27), (145, 9), (146, 21), (147, 25), (148, 30), (149, 20), (150, 31), (151, 22), (152, 28), (153, 43), (154, 25), (155, 16), (156, 22), (157, 19), (158, 25), (159, 24), (160, 16), (161, 20), (162, 21), (163, 21), (164, 35), (165, 29), (166, 20), (167, 24), (168, 33), (169, 33), (170, 24), (171, 26), (172, 41), (173, 41), (174, 47), (175, 41), (176, 41), (177, 52), (178, 67), (179, 63), (180, 76), (181, 91), (182, 103), (183, 129), (184, 104), (185, 149), (186, 131), (187, 147), (188, 177), (189, 172), (190, 204), (191, 205), (192, 210), (193, 197), (194, 250), (195, 241), (196, 283), (197, 265), (198, 263), (199, 272), (200, 263), (201, 252), (202, 248), (203, 277), (204, 228), (205, 260), (206, 222), (207, 210), (208, 199), (209, 182), (210, 144), (211, 137), (212, 138), (213, 102), (214, 102), (215, 97), (216, 93), (217, 96), (218, 92), (219, 62), (220, 66), (221, 58), (222, 45), (223, 40), (224, 54), (225, 50), (226, 38), (227, 39), (228, 37), (229, 27), (230, 21), (231, 23), (232, 15), (233, 15), (234, 18), (235, 16), (236, 11), (237, 16), (238, 4), (239, 13), (240, 8), (241, 5), (242, 13), (243, 5), (244, 4), (245, 5), (246, 1), (247, 6), (249, 5), (250, 6), (251, 4), (252, 1), (253, 3), (254, 2), (255, 3), (256, 2), (257, 3), (258, 4), (259, 1), (260, 2), (266, 1), (267, 1), (272, 1)]
2021-06-10 14:58:47,220 analyze_degree_distribution    INFO     Mean of the degrees : 187.9736 standard deviation : 30.91407613110895
2021-06-10 15:34:26,295 __analyze_and_compare_network  INFO     Network diameter : 8
2021-06-10 15:35:39,478 __analyze_and_compare_network  INFO     Network average clustering coefficient : 0.6108989448655898
2021-06-10 15:35:39,479 __analyze_and_compare_network  INFO     The current network has a diameter that is within the threshold
2021-06-10 15:35:39,479 __analyze_and_compare_network  INFO     The current network has a network clustering coefficient that is within the threshold
2021-06-10 15:35:39,479 __analyze_and_compare_network  INFO     Evaluating GenWS2DG algorithm, with these arguments : {'n': 10000, 'r': 8, 'k': 6, 'q': 3}
2021-06-10 15:42:04,672 analyze_degree_distribution    INFO     Degree to num nodes : [(58, 1), (61, 1), (64, 1), (67, 2), (68, 1), (69, 2), (70, 1), (72, 1), (73, 2), (74, 1), (76, 1), (77, 2), (79, 2), (80, 2), (81, 6), (82, 4), (83, 2), (84, 6), (85, 3), (86, 2), (87, 2), (88, 7), (89, 8), (90, 10), (91, 8), (92, 13), (94, 12), (95, 9), (96, 6), (97, 9), (98, 12), (99, 10), (100, 20), (101, 8), (102, 10), (103, 13), (104, 20), (105, 19), (106, 21), (107, 20), (108, 17), (109, 16), (110, 18), (111, 27), (112, 18), (113, 16), (114, 23), (115, 24), (116, 20), (117, 26), (118, 24), (119, 20), (120, 21), (121, 36), (122, 22), (123, 29), (124, 32), (125, 27), (126, 33), (127, 22), (128, 25), (129, 23), (130, 26), (131, 21), (132, 24), (133, 26), (134, 20), (135, 21), (136, 24), (137, 22), (138, 19), (139, 31), (140, 25), (141, 26), (142, 25), (143, 21), (144, 9), (145, 22), (146, 29), (147, 18), (148, 22), (149, 28), (150, 21), (151, 30), (152, 25), (153, 12), (154, 30), (155, 26), (156, 25), (157, 34), (158, 25), (159, 25), (160, 30), (161, 32), (162, 27), (163, 43), (164, 26), (165, 30), (166, 40), (167, 37), (168, 57), (169, 38), (170, 44), (171, 52), (172, 54), (173, 68), (174, 72), (175, 72), (176, 78), (177, 94), (178, 118), (179, 102), (180, 100), (181, 111), (182, 124), (183, 135), (184, 120), (185, 153), (186, 169), (187, 147), (188, 149), (189, 192), (190, 178), (191, 203), (192, 182), (193, 229), (194, 181), (195, 187), (196, 208), (197, 196), (198, 235), (199, 204), (200, 188), (201, 192), (202, 218), (203, 190), (204, 193), (205, 189), (206, 210), (207, 171), (208, 181), (209, 134), (210, 174), (211, 148), (212, 160), (213, 137), (214, 125), (215, 105), (216, 127), (217, 120), (218, 92), (219, 78), (220, 78), (221, 59), (222, 84), (223, 66), (224, 75), (225, 57), (226, 60), (227, 47), (228, 47), (229, 38), (230, 22), (231, 32), (232, 20), (233, 27), (234, 23), (235, 22), (236, 17), (237, 11), (238, 10), (239, 8), (240, 9), (241, 5), (242, 1), (243, 1), (244, 3), (245, 4), (246, 1), (247, 4), (248, 2), (249, 3), (250, 2), (251, 2)]
2021-06-10 15:42:04,672 analyze_degree_distribution    INFO     Mean of the degrees : 187.5016 standard deviation : 30.62393177630854
2021-06-10 16:17:43,111 __analyze_and_compare_network  INFO     Network diameter : 7
2021-06-10 16:18:51,178 __analyze_and_compare_network  INFO     Network average clustering coefficient : 0.6113699791035214
2021-06-10 16:18:51,178 __analyze_and_compare_network  INFO     The current network has a diameter that is within the threshold
2021-06-10 16:18:51,178 __analyze_and_compare_network  INFO     The current network has a network clustering coefficient that is within the threshold
2021-06-10 16:18:51,178 __analyze_and_compare_network  INFO     Evaluating GenWS2DG algorithm, with these arguments : {'n': 10000, 'r': 8, 'k': 7, 'q': 3}
2021-06-10 16:26:10,571 analyze_degree_distribution    INFO     Degree to num nodes : [(51, 1), (57, 1), (67, 1), (69, 1), (70, 1), (71, 3), (72, 3), (75, 3), (76, 1), (77, 2), (79, 2), (82, 2), (83, 1), (84, 4), (85, 5), (87, 1), (88, 9), (89, 5), (90, 7), (91, 6), (92, 4), (93, 4), (94, 7), (95, 11), (96, 11), (97, 17), (98, 14), (99, 14), (100, 14), (101, 18), (102, 13), (103, 16), (104, 18), (105, 18), (106, 16), (107, 15), (108, 19), (109, 18), (110, 24), (111, 20), (112, 24), (113, 21), (114, 16), (115, 37), (116, 27), (117, 35), (118, 21), (119, 25), (120, 33), (121, 24), (122, 20), (123, 21), (124, 25), (125, 25), (126, 20), (127, 31), (128, 30), (129, 26), (130, 27), (131, 19), (132, 27), (133, 27), (134, 20), (135, 22), (136, 24), (137, 21), (138, 29), (139, 23), (140, 32), (141, 37), (142, 21), (143, 21), (144, 13), (145, 20), (146, 26), (147, 23), (148, 25), (149, 20), (150, 21), (151, 21), (152, 28), (153, 26), (154, 24), (155, 31), (156, 32), (157, 25), (158, 33), (159, 20), (160, 22), (161, 26), (162, 40), (163, 31), (164, 40), (165, 31), (166, 30), (167, 46), (168, 45), (169, 39), (170, 44), (171, 54), (172, 51), (173, 43), (174, 39), (175, 56), (176, 67), (177, 64), (178, 58), (179, 81), (180, 84), (181, 97), (182, 100), (183, 131), (184, 137), (185, 145), (186, 140), (187, 139), (188, 175), (189, 164), (190, 189), (191, 184), (192, 186), (193, 211), (194, 191), (195, 195), (196, 201), (197, 218), (198, 202), (199, 226), (200, 232), (201, 208), (202, 231), (203, 255), (204, 222), (205, 225), (206, 234), (207, 240), (208, 210), (209, 182), (210, 178), (211, 163), (212, 171), (213, 146), (214, 152), (215, 122), (216, 128), (217, 130), (218, 104), (219, 85), (220, 83), (221, 76), (222, 66), (223, 65), (224, 60), (225, 52), (226, 36), (227, 32), (228, 19), (229, 22), (230, 21), (231, 8), (232, 19), (233, 8), (234, 13), (235, 8), (236, 4), (237, 1), (238, 4), (239, 1), (240, 5), (241, 3), (242, 1), (243, 2), (245, 1), (248, 1)]
2021-06-10 16:26:10,572 analyze_degree_distribution    INFO     Mean of the degrees : 187.5354 standard deviation : 30.219697993858244
2021-06-10 17:07:12,275 __analyze_and_compare_network  INFO     Network diameter : 7
2021-06-10 17:08:15,783 __analyze_and_compare_network  INFO     Network average clustering coefficient : 0.6105802893363418
2021-06-10 17:08:15,784 __analyze_and_compare_network  INFO     The current network has a diameter that is within the threshold
2021-06-10 17:08:15,784 __analyze_and_compare_network  INFO     The current network has a network clustering coefficient that is within the threshold
2021-06-10 17:08:15,784 __analyze_and_compare_network  INFO     Evaluating GenWS2DG algorithm, with these arguments : {'n': 10000, 'r': 8, 'k': 8, 'q': 3}
2021-06-10 17:16:05,139 analyze_degree_distribution    INFO     Degree to num nodes : [(53, 1), (58, 1), (62, 2), (63, 3), (64, 1), (66, 3), (67, 1), (68, 2), (69, 1), (70, 2), (72, 1), (73, 2), (74, 1), (76, 1), (78, 2), (79, 1), (80, 4), (82, 1), (83, 1), (84, 2), (85, 4), (86, 9), (87, 6), (88, 5), (89, 6), (90, 4), (91, 6), (92, 10), (93, 11), (94, 8), (95, 17), (96, 11), (97, 14), (98, 11), (99, 12), (100, 11), (101, 8), (102, 15), (103, 14), (104, 15), (105, 14), (106, 14), (107, 20), (108, 16), (109, 15), (110, 20), (111, 22), (112, 29), (113, 18), (114, 15), (115, 21), (116, 19), (117, 19), (118, 21), (119, 25), (120, 21), (121, 32), (122, 22), (123, 26), (124, 30), (125, 18), (126, 27), (127, 14), (128, 27), (129, 26), (130, 17), (131, 15), (132, 28), (133, 19), (134, 24), (135, 23), (136, 19), (137, 25), (138, 24), (139, 18), (140, 29), (141, 27), (142, 30), (143, 26), (144, 27), (145, 22), (146, 31), (147, 26), (148, 26), (149, 34), (150, 20), (151, 29), (152, 25), (153, 23), (154, 28), (155, 25), (156, 26), (157, 32), (158, 31), (159, 24), (160, 29), (161, 32), (162, 27), (163, 44), (164, 32), (165, 32), (166, 46), (167, 46), (168, 48), (169, 64), (170, 53), (171, 54), (172, 67), (173, 70), (174, 52), (175, 70), (176, 65), (177, 73), (178, 91), (179, 86), (180, 87), (181, 97), (182, 102), (183, 101), (184, 151), (185, 132), (186, 148), (187, 156), (188, 174), (189, 171), (190, 208), (191, 207), (192, 183), (193, 206), (194, 213), (195, 205), (196, 236), (197, 204), (198, 209), (199, 221), (200, 198), (201, 213), (202, 214), (203, 217), (204, 194), (205, 169), (206, 187), (207, 190), (208, 179), (209, 176), (210, 142), (211, 147), (212, 122), (213, 129), (214, 131), (215, 99), (216, 109), (217, 103), (218, 104), (219, 82), (220, 75), (221, 80), (222, 70), (223, 64), (224, 61), (225, 64), (226, 44), (227, 43), (228, 44), (229, 41), (230, 36), (231, 41), (232, 23), (233, 34), (234, 25), (235, 24), (236, 15), (237, 15), (238, 11), (239, 18), (240, 11), (241, 4), (242, 7), (243, 9), (244, 5), (245, 7), (246, 8), (247, 5), (248, 2), (249, 1), (250, 2)]
2021-06-10 17:16:05,139 analyze_degree_distribution    INFO     Mean of the degrees : 187.8138 standard deviation : 30.703865058979137
2021-06-10 17:55:43,025 __analyze_and_compare_network  INFO     Network diameter : 7
2021-06-10 17:56:58,860 __analyze_and_compare_network  INFO     Network average clustering coefficient : 0.6106181906402978
2021-06-10 17:56:58,860 __analyze_and_compare_network  INFO     The current network has a diameter that is within the threshold
2021-06-10 17:56:58,860 __analyze_and_compare_network  INFO     The current network has a network clustering coefficient that is within the threshold
2021-06-10 17:56:58,860 __analyze_and_compare_network  INFO     Evaluating GenWS2DG algorithm, with these arguments : {'n': 10000, 'r': 8, 'k': 9, 'q': 3}
2021-06-10 18:06:43,602 analyze_degree_distribution    INFO     Degree to num nodes : [(41, 1), (50, 1), (53, 1), (55, 1), (57, 1), (58, 2), (59, 1), (61, 1), (62, 2), (64, 2), (66, 2), (67, 1), (69, 4), (70, 1), (71, 3), (73, 2), (74, 3), (75, 2), (76, 3), (77, 3), (78, 1), (79, 4), (80, 3), (81, 1), (82, 1), (83, 2), (84, 1), (85, 1), (86, 2), (87, 7), (88, 1), (89, 1), (90, 5), (91, 3), (92, 7), (93, 4), (94, 6), (95, 4), (96, 6), (97, 5), (98, 8), (99, 9), (100, 8), (101, 9), (102, 11), (103, 22), (104, 13), (105, 8), (106, 19), (107, 15), (108, 14), (109, 13), (110, 21), (111, 23), (112, 16), (113, 25), (114, 23), (115, 22), (116, 22), (117, 27), (118, 29), (119, 23), (120, 20), (121, 27), (122, 25), (123, 25), (124, 24), (125, 31), (126, 30), (127, 29), (128, 32), (129, 21), (130, 27), (131, 19), (132, 24), (133, 18), (134, 20), (135, 25), (136, 24), (137, 15), (138, 27), (139, 23), (140, 29), (141, 26), (142, 27), (143, 28), (144, 33), (145, 28), (146, 29), (147, 26), (148, 30), (149, 24), (150, 26), (151, 23), (152, 33), (153, 26), (154, 27), (155, 32), (156, 16), (157, 24), (158, 23), (159, 35), (160, 43), (161, 33), (162, 35), (163, 30), (164, 30), (165, 34), (166, 33), (167, 50), (168, 42), (169, 48), (170, 52), (171, 56), (172, 63), (173, 57), (174, 61), (175, 84), (176, 96), (177, 98), (178, 95), (179, 103), (180, 120), (181, 126), (182, 142), (183, 154), (184, 150), (185, 142), (186, 158), (187, 164), (188, 175), (189, 195), (190, 169), (191, 204), (192, 205), (193, 190), (194, 174), (195, 189), (196, 215), (197, 165), (198, 177), (199, 175), (200, 182), (201, 154), (202, 180), (203, 160), (204, 156), (205, 159), (206, 141), (207, 147), (208, 140), (209, 142), (210, 138), (211, 164), (212, 125), (213, 140), (214, 122), (215, 127), (216, 124), (217, 118), (218, 111), (219, 107), (220, 91), (221, 83), (222, 93), (223, 68), (224, 68), (225, 65), (226, 57), (227, 43), (228, 40), (229, 59), (230, 55), (231, 40), (232, 29), (233, 32), (234, 35), (235, 26), (236, 19), (237, 21), (238, 25), (239, 21), (240, 21), (241, 26), (242, 19), (243, 16), (244, 13), (245, 10), (246, 8), (247, 3), (248, 3), (249, 4), (250, 2), (251, 2), (252, 4), (253, 7), (254, 3), (257, 2), (258, 2), (259, 1), (261, 1), (263, 1)]
2021-06-10 18:06:43,602 analyze_degree_distribution    INFO     Mean of the degrees : 188.3682 standard deviation : 31.218020897552105
2021-06-10 18:43:18,051 __analyze_and_compare_network  INFO     Network diameter : 7
2021-06-10 18:44:10,899 __analyze_and_compare_network  INFO     Network average clustering coefficient : 0.6107412251493786
2021-06-10 18:44:10,900 __analyze_and_compare_network  INFO     The current network has a diameter that is within the threshold
2021-06-10 18:44:10,900 __analyze_and_compare_network  INFO     The current network has a network clustering coefficient that is within the threshold
2021-06-10 18:44:10,900 __analyze_and_compare_network  INFO     Evaluating GenWS2DG algorithm, with these arguments : {'n': 10000, 'r': 8, 'k': 10, 'q': 3}
2021-06-10 18:51:31,111 analyze_degree_distribution    INFO     Degree to num nodes : [(48, 1), (54, 1), (65, 1), (68, 1), (69, 3), (70, 2), (71, 1), (75, 3), (77, 2), (78, 1), (79, 1), (80, 1), (81, 1), (82, 2), (83, 1), (84, 3), (85, 2), (86, 2), (87, 1), (88, 2), (89, 4), (90, 5), (91, 6), (92, 6), (93, 4), (94, 6), (95, 11), (96, 18), (97, 7), (98, 7), (99, 14), (100, 11), (101, 11), (102, 17), (103, 10), (104, 19), (105, 26), (106, 26), (107, 18), (108, 11), (109, 22), (110, 25), (111, 19), (112, 16), (113, 22), (114, 26), (115, 24), (116, 19), (117, 26), (118, 24), (119, 32), (120, 20), (121, 32), (122, 26), (123, 27), (124, 20), (125, 22), (126, 26), (127, 36), (128, 22), (129, 29), (130, 17), (131, 21), (132, 27), (133, 25), (134, 22), (135, 25), (136, 25), (137, 29), (138, 25), (139, 29), (140, 25), (141, 25), (142, 32), (143, 25), (144, 13), (145, 28), (146, 26), (147, 37), (148, 28), (149, 12), (150, 24), (151, 16), (152, 30), (153, 32), (154, 29), (155, 37), (156, 23), (157, 30), (158, 29), (159, 31), (160, 26), (161, 31), (162, 24), (163, 33), (164, 19), (165, 22), (166, 26), (167, 36), (168, 46), (169, 39), (170, 42), (171, 37), (172, 58), (173, 56), (174, 57), (175, 63), (176, 73), (177, 73), (178, 75), (179, 70), (180, 84), (181, 107), (182, 125), (183, 135), (184, 131), (185, 115), (186, 133), (187, 136), (188, 161), (189, 159), (190, 178), (191, 167), (192, 179), (193, 189), (194, 194), (195, 195), (196, 211), (197, 193), (198, 212), (199, 214), (200, 230), (201, 185), (202, 210), (203, 217), (204, 210), (205, 207), (206, 183), (207, 210), (208, 193), (209, 222), (210, 177), (211, 177), (212, 154), (213, 162), (214, 147), (215, 132), (216, 112), (217, 127), (218, 103), (219, 95), (220, 84), (221, 103), (222, 79), (223, 56), (224, 56), (225, 58), (226, 38), (227, 47), (228, 37), (229, 28), (230, 27), (231, 25), (232, 28), (233, 23), (234, 17), (235, 20), (236, 17), (237, 15), (238, 12), (239, 11), (240, 10), (241, 13), (242, 11), (243, 11), (244, 9), (245, 6), (246, 7), (247, 7), (248, 2), (249, 2), (250, 1), (253, 1), (254, 1)]
2021-06-10 18:51:31,112 analyze_degree_distribution    INFO     Mean of the degrees : 188.5606 standard deviation : 30.726951160829476
2021-06-10 19:32:23,913 __analyze_and_compare_network  INFO     Network diameter : 7
2021-06-10 19:33:16,778 __analyze_and_compare_network  INFO     Network average clustering coefficient : 0.6104876129912264
2021-06-10 19:33:16,778 __analyze_and_compare_network  INFO     The current network has a diameter that is within the threshold
2021-06-10 19:33:16,778 __analyze_and_compare_network  INFO     The current network has a network clustering coefficient that is within the threshold
2021-06-10 19:33:16,778 __analyze_and_compare_network  INFO     Evaluating GenWS2DG algorithm, with these arguments : {'n': 10000, 'r': 9, 'k': 5, 'q': 3}
2021-06-10 19:37:22,055 analyze_degree_distribution    INFO     Degree to num nodes : [(64, 1), (67, 1), (68, 1), (69, 1), (74, 1), (75, 1), (77, 2), (80, 1), (82, 1), (83, 2), (85, 1), (87, 1), (89, 2), (90, 1), (91, 1), (92, 2), (94, 3), (95, 2), (96, 2), (98, 2), (99, 3), (100, 3), (102, 2), (103, 1), (104, 1), (106, 3), (107, 3), (108, 2), (109, 1), (110, 5), (111, 2), (112, 3), (113, 6), (114, 3), (115, 7), (116, 5), (117, 8), (118, 4), (119, 1), (120, 6), (121, 6), (122, 12), (123, 8), (124, 12), (125, 15), (126, 15), (127, 11), (128, 12), (129, 9), (130, 15), (131, 10), (132, 23), (133, 19), (134, 14), (135, 14), (136, 20), (137, 22), (138, 16), (139, 37), (140, 16), (141, 25), (142, 23), (143, 17), (144, 15), (145, 17), (146, 16), (147, 19), (148, 19), (149, 15), (150, 19), (151, 14), (152, 27), (153, 19), (154, 21), (155, 19), (156, 30), (157, 18), (158, 19), (159, 25), (160, 15), (161, 23), (162, 24), (163, 13), (164, 18), (165, 17), (166, 22), (167, 26), (168, 33), (169, 21), (170, 19), (171, 16), (172, 21), (173, 17), (174, 19), (175, 16), (176, 19), (177, 20), (178, 20), (179, 29), (180, 18), (181, 19), (182, 14), (183, 15), (184, 25), (185, 21), (186, 16), (187, 19), (188, 21), (189, 21), (190, 32), (191, 16), (192, 23), (193, 19), (194, 29), (195, 14), (196, 23), (197, 23), (198, 24), (199, 31), (200, 32), (201, 16), (202, 36), (203, 24), (204, 22), (205, 27), (206, 23), (207, 29), (208, 24), (209, 27), (210, 20), (211, 22), (212, 31), (213, 29), (214, 23), (215, 42), (216, 26), (217, 35), (218, 37), (219, 31), (220, 41), (221, 45), (222, 42), (223, 48), (224, 54), (225, 56), (226, 60), (227, 60), (228, 57), (229, 64), (230, 71), (231, 78), (232, 96), (233, 85), (234, 94), (235, 105), (236, 137), (237, 144), (238, 127), (239, 137), (240, 169), (241, 185), (242, 191), (243, 184), (244, 198), (245, 207), (246, 170), (247, 186), (248, 175), (249, 185), (250, 180), (251, 173), (252, 183), (253, 179), (254, 179), (255, 162), (256, 172), (257, 176), (258, 171), (259, 170), (260, 154), (261, 177), (262, 147), (263, 133), (264, 153), (265, 138), (266, 133), (267, 120), (268, 126), (269, 127), (270, 117), (271, 101), (272, 101), (273, 104), (274, 104), (275, 66), (276, 78), (277, 70), (278, 63), (279, 50), (280, 47), (281, 44), (282, 32), (283, 40), (284, 24), (285, 30), (286, 34), (287, 29), (288, 15), (289, 19), (290, 20), (291, 11), (292, 8), (293, 3), (294, 7), (295, 1), (296, 4), (297, 2), (298, 2), (299, 1), (300, 1)]
2021-06-10 19:37:22,055 analyze_degree_distribution    INFO     Mean of the degrees : 235.3642 standard deviation : 38.76445741088091
2021-06-10 20:16:31,376 __analyze_and_compare_network  INFO     Network diameter : 7
2021-06-10 20:18:01,954 __analyze_and_compare_network  INFO     Network average clustering coefficient : 0.6161292285993075
2021-06-10 20:18:01,954 __analyze_and_compare_network  INFO     The current network has a diameter that is within the threshold
2021-06-10 20:18:01,955 __analyze_and_compare_network  INFO     The current network has a network clustering coefficient that is within the threshold
2021-06-10 20:18:01,955 __analyze_and_compare_network  INFO     Evaluating GenWS2DG algorithm, with these arguments : {'n': 10000, 'r': 9, 'k': 6, 'q': 3}
2021-06-10 20:23:13,652 analyze_degree_distribution    INFO     Degree to num nodes : [(64, 1), (73, 1), (75, 1), (76, 1), (77, 3), (80, 1), (82, 1), (83, 1), (84, 3), (85, 1), (86, 2), (87, 3), (88, 2), (90, 1), (91, 1), (92, 4), (93, 1), (95, 2), (96, 3), (97, 3), (99, 1), (100, 1), (101, 3), (103, 6), (105, 4), (106, 3), (107, 1), (108, 1), (109, 5), (110, 3), (111, 3), (112, 2), (113, 8), (114, 8), (115, 1), (116, 6), (117, 2), (118, 7), (119, 8), (120, 5), (121, 12), (122, 12), (123, 8), (124, 16), (125, 15), (126, 12), (127, 7), (128, 11), (129, 14), (130, 19), (131, 19), (132, 20), (133, 12), (134, 9), (135, 14), (136, 24), (137, 22), (138, 21), (139, 13), (140, 21), (141, 25), (142, 21), (143, 21), (144, 10), (145, 28), (146, 19), (147, 16), (148, 14), (149, 26), (150, 19), (151, 18), (152, 23), (153, 20), (154, 22), (155, 20), (156, 21), (157, 25), (158, 24), (159, 17), (160, 16), (161, 16), (162, 25), (163, 19), (164, 23), (165, 34), (166, 19), (167, 28), (168, 19), (169, 21), (170, 23), (171, 25), (172, 25), (173, 19), (174, 16), (175, 15), (176, 17), (177, 20), (178, 19), (179, 23), (180, 17), (181, 24), (182, 17), (183, 30), (184, 25), (185, 23), (186, 24), (187, 17), (188, 17), (189, 15), (190, 16), (191, 13), (192, 19), (193, 23), (194, 23), (195, 23), (196, 23), (197, 21), (198, 22), (199, 24), (200, 17), (201, 24), (202, 19), (203, 26), (204, 25), (205, 21), (206, 24), (207, 22), (208, 30), (209, 25), (210, 23), (211, 29), (212, 27), (213, 26), (214, 30), (215, 22), (216, 33), (217, 28), (218, 28), (219, 35), (220, 42), (221, 37), (222, 52), (223, 39), (224, 42), (225, 44), (226, 43), (227, 55), (228, 53), (229, 57), (230, 69), (231, 74), (232, 64), (233, 82), (234, 77), (235, 93), (236, 93), (237, 116), (238, 107), (239, 119), (240, 106), (241, 130), (242, 135), (243, 125), (244, 134), (245, 166), (246, 173), (247, 181), (248, 183), (249, 203), (250, 183), (251, 211), (252, 193), (253, 194), (254, 201), (255, 237), (256, 201), (257, 193), (258, 225), (259, 219), (260, 188), (261, 203), (262, 183), (263, 171), (264, 168), (265, 169), (266, 166), (267, 159), (268, 118), (269, 116), (270, 97), (271, 104), (272, 113), (273, 71), (274, 102), (275, 84), (276, 96), (277, 77), (278, 56), (279, 73), (280, 53), (281, 44), (282, 35), (283, 34), (284, 23), (285, 24), (286, 30), (287, 25), (288, 28), (289, 17), (290, 13), (291, 16), (292, 7), (293, 10), (294, 7), (295, 2), (296, 2), (297, 3), (298, 2), (299, 2), (300, 1), (301, 1)]
2021-06-10 20:23:13,652 analyze_degree_distribution    INFO     Mean of the degrees : 236.3534 standard deviation : 39.737847305056675
2021-06-10 21:03:08,296 __analyze_and_compare_network  INFO     Network diameter : 7
2021-06-10 21:04:41,241 __analyze_and_compare_network  INFO     Network average clustering coefficient : 0.6147320307512212
2021-06-10 21:04:41,241 __analyze_and_compare_network  INFO     The current network has a diameter that is within the threshold
2021-06-10 21:04:41,241 __analyze_and_compare_network  INFO     The current network has a network clustering coefficient that is within the threshold
2021-06-10 21:04:41,241 __analyze_and_compare_network  INFO     Evaluating GenWS2DG algorithm, with these arguments : {'n': 10000, 'r': 9, 'k': 7, 'q': 3}
2021-06-10 21:10:38,912 analyze_degree_distribution    INFO     Degree to num nodes : [(59, 1), (61, 1), (62, 1), (63, 1), (66, 1), (67, 2), (70, 1), (72, 1), (73, 1), (74, 1), (75, 2), (76, 3), (78, 2), (79, 1), (80, 1), (83, 2), (84, 1), (85, 3), (87, 2), (88, 2), (90, 2), (91, 3), (93, 7), (97, 1), (98, 3), (99, 2), (100, 1), (103, 2), (104, 3), (105, 1), (106, 3), (108, 2), (109, 4), (110, 3), (111, 5), (112, 4), (113, 4), (114, 5), (115, 6), (116, 4), (117, 1), (118, 6), (119, 4), (120, 19), (121, 9), (122, 9), (123, 15), (124, 16), (125, 6), (126, 17), (127, 19), (128, 13), (129, 13), (130, 21), (131, 8), (132, 16), (133, 12), (134, 21), (135, 22), (136, 17), (137, 10), (138, 26), (139, 25), (140, 17), (141, 18), (142, 23), (143, 31), (144, 26), (145, 18), (146, 18), (147, 17), (148, 30), (149, 30), (150, 18), (151, 27), (152, 22), (153, 24), (154, 27), (155, 26), (156, 12), (157, 19), (158, 26), (159, 26), (160, 26), (161, 16), (162, 16), (163, 20), (164, 19), (165, 25), (166, 21), (167, 28), (168, 18), (169, 17), (170, 23), (171, 24), (172, 16), (173, 21), (174, 20), (175, 18), (176, 18), (177, 25), (178, 16), (179, 16), (180, 24), (181, 27), (182, 22), (183, 19), (184, 23), (185, 17), (186, 16), (187, 19), (188, 20), (189, 33), (190, 21), (191, 17), (192, 33), (193, 26), (194, 28), (195, 18), (196, 26), (197, 22), (198, 22), (199, 15), (200, 28), (201, 22), (202, 15), (203, 24), (204, 30), (205, 22), (206, 30), (207, 23), (208, 24), (209, 29), (210, 31), (211, 19), (212, 16), (213, 21), (214, 36), (215, 21), (216, 33), (217, 29), (218, 25), (219, 31), (220, 34), (221, 31), (222, 53), (223, 34), (224, 49), (225, 50), (226, 37), (227, 45), (228, 59), (229, 42), (230, 49), (231, 60), (232, 57), (233, 75), (234, 74), (235, 82), (236, 103), (237, 99), (238, 98), (239, 116), (240, 118), (241, 117), (242, 145), (243, 141), (244, 151), (245, 162), (246, 171), (247, 187), (248, 188), (249, 182), (250, 214), (251, 228), (252, 223), (253, 217), (254, 215), (255, 232), (256, 179), (257, 230), (258, 212), (259, 183), (260, 203), (261, 161), (262, 170), (263, 176), (264, 182), (265, 151), (266, 132), (267, 168), (268, 141), (269, 120), (270, 117), (271, 88), (272, 113), (273, 90), (274, 87), (275, 65), (276, 86), (277, 78), (278, 64), (279, 67), (280, 41), (281, 56), (282, 47), (283, 39), (284, 37), (285, 36), (286, 29), (287, 19), (288, 18), (289, 16), (290, 6), (291, 3), (292, 6), (293, 3), (294, 4), (295, 1), (296, 2), (297, 1)]
2021-06-10 21:10:38,913 analyze_degree_distribution    INFO     Mean of the degrees : 235.4904 standard deviation : 40.5127005745112
2021-06-10 21:51:13,790 __analyze_and_compare_network  INFO     Network diameter : 8
2021-06-10 21:52:46,864 __analyze_and_compare_network  INFO     Network average clustering coefficient : 0.6143942945594603
2021-06-10 21:52:46,864 __analyze_and_compare_network  INFO     The current network has a diameter that is within the threshold
2021-06-10 21:52:46,864 __analyze_and_compare_network  INFO     The current network has a network clustering coefficient that is within the threshold
2021-06-10 21:52:46,864 __analyze_and_compare_network  INFO     Evaluating GenWS2DG algorithm, with these arguments : {'n': 10000, 'r': 9, 'k': 8, 'q': 3}
2021-06-10 21:59:05,864 analyze_degree_distribution    INFO     Degree to num nodes : [(66, 1), (72, 1), (78, 1), (79, 1), (80, 2), (81, 1), (83, 1), (85, 2), (86, 1), (87, 4), (88, 1), (89, 2), (90, 2), (91, 1), (92, 5), (93, 1), (94, 2), (95, 3), (96, 1), (97, 1), (98, 1), (99, 3), (100, 1), (101, 5), (102, 1), (103, 1), (104, 6), (105, 1), (106, 2), (107, 1), (108, 1), (109, 2), (110, 2), (111, 2), (113, 2), (114, 6), (115, 5), (116, 5), (117, 1), (118, 1), (119, 7), (120, 7), (121, 12), (122, 9), (123, 13), (124, 15), (125, 17), (126, 11), (127, 12), (128, 15), (129, 14), (130, 17), (131, 9), (132, 21), (133, 11), (134, 7), (135, 18), (136, 24), (137, 23), (138, 22), (139, 20), (140, 18), (141, 19), (142, 15), (143, 18), (144, 17), (145, 17), (146, 34), (147, 20), (148, 20), (149, 19), (150, 18), (151, 23), (152, 18), (153, 25), (154, 24), (155, 25), (156, 14), (157, 18), (158, 25), (159, 14), (160, 28), (161, 31), (162, 19), (163, 31), (164, 25), (165, 14), (166, 19), (167, 26), (168, 27), (169, 15), (170, 21), (171, 20), (172, 25), (173, 21), (174, 19), (175, 10), (176, 21), (177, 29), (178, 23), (179, 17), (180, 18), (181, 17), (182, 21), (183, 25), (184, 24), (185, 17), (186, 22), (187, 27), (188, 29), (189, 28), (190, 22), (191, 16), (192, 21), (193, 24), (194, 16), (195, 24), (196, 28), (197, 21), (198, 19), (199, 20), (200, 21), (201, 31), (202, 26), (203, 16), (204, 25), (205, 21), (206, 28), (207, 21), (208, 19), (209, 25), (210, 11), (211, 30), (212, 32), (213, 26), (214, 25), (215, 25), (216, 32), (217, 23), (218, 34), (219, 31), (220, 27), (221, 32), (222, 34), (223, 39), (224, 52), (225, 28), (226, 41), (227, 45), (228, 52), (229, 58), (230, 74), (231, 82), (232, 69), (233, 86), (234, 69), (235, 95), (236, 85), (237, 102), (238, 119), (239, 139), (240, 123), (241, 136), (242, 136), (243, 177), (244, 147), (245, 178), (246, 179), (247, 173), (248, 198), (249, 218), (250, 217), (251, 190), (252, 204), (253, 236), (254, 225), (255, 195), (256, 217), (257, 224), (258, 204), (259, 200), (260, 197), (261, 189), (262, 188), (263, 166), (264, 190), (265, 157), (266, 162), (267, 151), (268, 161), (269, 114), (270, 101), (271, 108), (272, 81), (273, 83), (274, 81), (275, 80), (276, 61), (277, 59), (278, 45), (279, 49), (280, 36), (281, 46), (282, 39), (283, 26), (284, 25), (285, 30), (286, 19), (287, 12), (288, 11), (289, 12), (290, 9), (291, 12), (292, 8), (293, 3), (294, 4), (295, 3), (296, 1), (297, 3), (298, 1), (300, 2)]
2021-06-10 21:59:05,864 analyze_degree_distribution    INFO     Mean of the degrees : 235.7756 standard deviation : 39.17077028397578
2021-06-10 23:04:07,918 __analyze_and_compare_network  INFO     Network diameter : 7
2021-06-10 23:05:31,551 __analyze_and_compare_network  INFO     Network average clustering coefficient : 0.6138536964638173
2021-06-10 23:05:31,551 __analyze_and_compare_network  INFO     The current network has a diameter that is within the threshold
2021-06-10 23:05:31,551 __analyze_and_compare_network  INFO     The current network has a network clustering coefficient that is within the threshold
2021-06-10 23:05:31,551 __analyze_and_compare_network  INFO     Evaluating GenWS2DG algorithm, with these arguments : {'n': 10000, 'r': 9, 'k': 9, 'q': 3}
2021-06-10 23:12:03,034 analyze_degree_distribution    INFO     Degree to num nodes : [(63, 1), (64, 1), (67, 1), (73, 1), (76, 1), (80, 1), (81, 4), (83, 2), (84, 2), (86, 1), (88, 2), (89, 4), (90, 2), (93, 1), (94, 1), (95, 2), (96, 1), (97, 1), (99, 2), (100, 1), (102, 3), (103, 3), (104, 1), (105, 3), (106, 1), (107, 2), (108, 5), (109, 1), (110, 8), (111, 4), (113, 4), (114, 2), (115, 4), (116, 3), (117, 3), (118, 1), (119, 2), (120, 7), (121, 6), (122, 5), (123, 7), (124, 16), (125, 5), (126, 9), (127, 15), (128, 8), (129, 11), (130, 15), (131, 17), (132, 15), (133, 16), (134, 12), (135, 20), (136, 26), (137, 14), (138, 17), (139, 13), (140, 26), (141, 22), (142, 28), (143, 24), (144, 14), (145, 30), (146, 20), (147, 19), (148, 17), (149, 18), (150, 20), (151, 20), (152, 18), (153, 28), (154, 26), (155, 17), (156, 21), (157, 22), (158, 23), (159, 22), (160, 20), (161, 27), (162, 16), (163, 15), (164, 21), (165, 24), (166, 19), (167, 19), (168, 23), (169, 20), (170, 17), (171, 22), (172, 17), (173, 20), (174, 19), (175, 30), (176, 17), (177, 24), (178, 21), (179, 17), (180, 29), (181, 17), (182, 24), (183, 28), (184, 23), (185, 23), (186, 26), (187, 20), (188, 22), (189, 19), (190, 22), (191, 20), (192, 15), (193, 23), (194, 22), (195, 27), (196, 22), (197, 16), (198, 27), (199, 21), (200, 20), (201, 28), (202, 16), (203, 20), (204, 14), (205, 22), (206, 21), (207, 25), (208, 28), (209, 26), (210, 22), (211, 24), (212, 30), (213, 25), (214, 22), (215, 23), (216, 30), (217, 35), (218, 34), (219, 29), (220, 28), (221, 39), (222, 36), (223, 46), (224, 37), (225, 60), (226, 60), (227, 64), (228, 72), (229, 78), (230, 82), (231, 107), (232, 93), (233, 96), (234, 112), (235, 148), (236, 135), (237, 142), (238, 163), (239, 146), (240, 179), (241, 187), (242, 185), (243, 216), (244, 164), (245, 184), (246, 190), (247, 205), (248, 195), (249, 215), (250, 171), (251, 197), (252, 190), (253, 207), (254, 183), (255, 162), (256, 159), (257, 162), (258, 165), (259, 170), (260, 173), (261, 164), (262, 164), (263, 148), (264, 136), (265, 149), (266, 146), (267, 100), (268, 103), (269, 105), (270, 94), (271, 106), (272, 83), (273, 64), (274, 78), (275, 65), (276, 49), (277, 34), (278, 49), (279, 32), (280, 36), (281, 28), (282, 36), (283, 34), (284, 33), (285, 32), (286, 16), (287, 18), (288, 28), (289, 18), (290, 16), (291, 11), (292, 9), (293, 13), (294, 17), (295, 7), (296, 7), (297, 6), (298, 4), (299, 3), (300, 7), (301, 3), (302, 5), (303, 3), (304, 5), (305, 1), (308, 1), (309, 3), (310, 2), (311, 2), (312, 1), (313, 2), (315, 1), (317, 1)]
2021-06-10 23:12:03,034 analyze_degree_distribution    INFO     Mean of the degrees : 235.0928 standard deviation : 38.37412915181268
