2021-06-09 14:47:17,181 load_network                   INFO     There are 10000 nodes in the graph, and 388147 edges in the graph
2021-06-09 14:47:17,200 analyze_degree_distribution    INFO     Degree to num nodes : [(19, 1), (20, 1), (24, 1), (26, 1), (27, 1), (28, 1), (29, 1), (30, 1), (31, 4), (32, 4), (33, 6), (34, 6), (35, 6), (36, 14), (37, 11), (38, 14), (39, 19), (40, 25), (41, 13), (42, 24), (43, 29), (44, 24), (45, 30), (46, 26), (47, 21), (48, 35), (49, 31), (50, 46), (51, 40), (52, 40), (53, 44), (54, 53), (55, 43), (56, 53), (57, 60), (58, 69), (59, 63), (60, 71), (61, 76), (62, 102), (63, 117), (64, 108), (65, 137), (66, 142), (67, 158), (68, 191), (69, 180), (70, 221), (71, 225), (72, 262), (73, 268), (74, 277), (75, 314), (76, 291), (77, 365), (78, 377), (79, 389), (80, 373), (81, 385), (82, 385), (83, 404), (84, 351), (85, 339), (86, 336), (87, 285), (88, 279), (89, 248), (90, 218), (91, 220), (92, 152), (93, 158), (94, 123), (95, 115), (96, 102), (97, 76), (98, 59), (99, 49), (100, 31), (101, 29), (102, 31), (103, 28), (104, 21), (105, 16), (106, 5), (107, 8), (108, 6), (109, 8), (110, 7), (111, 5), (112, 4), (113, 6), (114, 3), (115, 1), (116, 2)]
2021-06-09 14:47:17,204 analyze_degree_distribution    INFO     Mean of the degrees : 69.40425531914893 standard deviation : 27.301437554285616
2021-06-09 14:54:24,137 __init__                       INFO     The target network has: degree mean = 69.40425531914893, degree std = 27.301437554285616, diameter = 6, average clustering coefficient = 0.5745321712547844
2021-06-09 14:54:24,137 analyze_all                    INFO     Starting the analysis of the models proposed

2021-06-09 14:54:24,137 __analyze_and_compare_network  INFO     Evaluating randomG algorithm, with these arguments : {'n': 10000, 'p': 0.05}
2021-06-09 14:54:29,578 analyze_degree_distribution    INFO     Degree to num nodes : [(421, 1), (422, 1), (425, 1), (427, 1), (428, 1), (429, 1), (431, 1), (432, 2), (433, 2), (434, 2), (436, 2), (437, 1), (438, 1), (439, 2), (440, 3), (441, 2), (442, 2), (443, 3), (444, 5), (445, 6), (446, 7), (447, 14), (448, 15), (449, 5), (450, 12), (451, 13), (452, 16), (453, 26), (454, 20), (455, 24), (456, 21), (457, 28), (458, 33), (459, 33), (460, 31), (461, 37), (462, 41), (463, 49), (464, 44), (465, 52), (466, 55), (467, 65), (468, 59), (469, 85), (470, 67), (471, 79), (472, 97), (473, 77), (474, 91), (475, 111), (476, 95), (477, 120), (478, 104), (479, 114), (480, 115), (481, 140), (482, 115), (483, 141), (484, 144), (485, 138), (486, 151), (487, 172), (488, 158), (489, 171), (490, 173), (491, 190), (492, 166), (493, 189), (494, 180), (495, 194), (496, 201), (497, 203), (498, 207), (499, 190), (500, 191), (501, 170), (502, 166), (503, 180), (504, 181), (505, 174), (506, 177), (507, 165), (508, 145), (509, 148), (510, 159), (511, 143), (512, 153), (513, 159), (514, 144), (515, 140), (516, 143), (517, 129), (518, 113), (519, 116), (520, 118), (521, 131), (522, 94), (523, 95), (524, 106), (525, 83), (526, 80), (527, 98), (528, 81), (529, 75), (530, 69), (531, 69), (532, 67), (533, 67), (534, 46), (535, 47), (536, 48), (537, 32), (538, 42), (539, 31), (540, 31), (541, 31), (542, 30), (543, 17), (544, 19), (545, 18), (546, 15), (547, 14), (548, 16), (549, 16), (550, 10), (551, 11), (552, 10), (553, 5), (554, 10), (555, 6), (556, 4), (557, 6), (558, 3), (559, 4), (560, 5), (561, 4), (562, 3), (563, 4), (564, 2), (565, 1), (566, 2), (567, 2), (568, 2), (569, 2), (570, 1), (571, 1), (573, 1), (580, 1)]
2021-06-09 14:54:29,578 analyze_degree_distribution    INFO     Mean of the degrees : 499.39864864864865 standard deviation : 43.0811208204571
2021-06-09 14:56:21,239 __analyze_and_compare_network  INFO     Network diameter : 2
2021-06-09 15:00:17,603 __analyze_and_compare_network  INFO     Network average clustering coefficient : 0.04992027359136008
2021-06-09 15:00:17,603 __analyze_and_compare_network  INFO     The current network has a degree std that is within the threshold
2021-06-09 15:00:17,603 __analyze_and_compare_network  INFO     Evaluating randomG algorithm, with these arguments : {'n': 10000, 'p': 5e-05}
2021-06-09 15:00:20,723 analyze_degree_distribution    INFO     Degree to num nodes : [(1, 3073), (2, 730), (3, 147), (4, 19), (6, 1)]
2021-06-09 15:00:20,723 analyze_degree_distribution    INFO     Mean of the degrees : 3.2 standard deviation : 1.7204650534085253
2021-06-09 15:00:21,193 __analyze_and_compare_network  INFO     The network is not connected, can not evaluate the diameter
2021-06-09 15:00:21,210 __analyze_and_compare_network  INFO     Network average clustering coefficient : 0.0
2021-06-09 15:00:21,210 __analyze_and_compare_network  INFO     Evaluating GenWS2DG algorithm, with these arguments : {'n': 10000, 'r': 10, 'k': 10, 'q': 2}
2021-06-09 15:05:28,698 analyze_degree_distribution    INFO     Degree to num nodes : [(79, 1), (86, 1), (93, 1), (98, 1), (100, 2), (103, 1), (104, 1), (105, 3), (108, 4), (109, 1), (110, 1), (112, 1), (114, 1), (115, 2), (116, 2), (117, 2), (118, 1), (119, 2), (120, 1), (123, 1), (126, 1), (127, 2), (129, 3), (130, 1), (132, 2), (134, 3), (135, 2), (136, 2), (137, 2), (138, 2), (139, 1), (140, 3), (141, 2), (142, 3), (143, 1), (144, 4), (145, 4), (146, 5), (147, 13), (148, 7), (149, 3), (150, 4), (151, 2), (152, 12), (153, 5), (154, 12), (155, 9), (156, 5), (157, 14), (158, 8), (159, 10), (160, 8), (161, 15), (162, 12), (163, 18), (164, 10), (165, 9), (166, 12), (167, 14), (168, 13), (169, 15), (170, 17), (171, 14), (172, 17), (173, 24), (174, 16), (175, 15), (176, 18), (177, 24), (178, 15), (179, 13), (180, 19), (181, 22), (182, 16), (183, 13), (184, 23), (185, 26), (186, 14), (187, 16), (188, 23), (189, 18), (190, 19), (191, 22), (192, 18), (193, 16), (194, 17), (195, 24), (196, 27), (197, 14), (198, 16), (199, 12), (200, 22), (201, 19), (202, 21), (203, 18), (204, 19), (205, 22), (206, 16), (207, 14), (208, 19), (209, 18), (210, 20), (211, 20), (212, 18), (213, 22), (214, 14), (215, 21), (216, 22), (217, 16), (218, 23), (219, 26), (220, 18), (221, 16), (222, 25), (223, 16), (224, 17), (225, 22), (226, 24), (227, 18), (228, 16), (229, 18), (230, 20), (231, 13), (232, 22), (233, 10), (234, 15), (235, 17), (236, 27), (237, 26), (238, 14), (239, 21), (240, 17), (241, 21), (242, 23), (243, 21), (244, 18), (245, 20), (246, 25), (247, 19), (248, 18), (249, 26), (250, 30), (251, 20), (252, 17), (253, 22), (254, 25), (255, 23), (256, 19), (257, 22), (258, 16), (259, 19), (260, 17), (261, 21), (262, 24), (263, 25), (264, 28), (265, 19), (266, 28), (267, 31), (268, 20), (269, 27), (270, 25), (271, 26), (272, 23), (273, 31), (274, 39), (275, 32), (276, 29), (277, 27), (278, 49), (279, 38), (280, 46), (281, 43), (282, 38), (283, 49), (284, 53), (285, 51), (286, 46), (287, 53), (288, 32), (289, 51), (290, 54), (291, 52), (292, 36), (293, 49), (294, 52), (295, 60), (296, 65), (297, 68), (298, 70), (299, 71), (300, 73), (301, 83), (302, 87), (303, 99), (304, 91), (305, 109), (306, 110), (307, 124), (308, 133), (309, 142), (310, 133), (311, 133), (312, 158), (313, 160), (314, 167), (315, 189), (316, 191), (317, 199), (318, 189), (319, 160), (320, 177), (321, 168), (322, 161), (323, 171), (324, 137), (325, 164), (326, 146), (327, 137), (328, 147), (329, 119), (330, 128), (331, 135), (332, 119), (333, 126), (334, 104), (335, 93), (336, 106), (337, 88), (338, 89), (339, 82), (340, 86), (341, 80), (342, 73), (343, 52), (344, 72), (345, 72), (346, 71), (347, 65), (348, 56), (349, 42), (350, 40), (351, 39), (352, 39), (353, 35), (354, 32), (355, 25), (356, 32), (357, 18), (358, 19), (359, 14), (360, 14), (361, 13), (362, 13), (363, 6), (364, 9), (365, 2), (366, 1), (367, 6), (368, 8), (369, 1), (371, 2), (374, 1)]
2021-06-09 15:05:28,698 analyze_degree_distribution    INFO     Mean of the degrees : 239.13307984790873 standard deviation : 77.44259108093057
2021-06-09 15:30:08,596 __analyze_and_compare_network  INFO     Network diameter : 4
2021-06-09 15:32:06,124 __analyze_and_compare_network  INFO     Network average clustering coefficient : 0.6025263155607007
2021-06-09 15:32:06,124 __analyze_and_compare_network  INFO     The current network has a diameter that is within the threshold
2021-06-09 15:32:06,124 __analyze_and_compare_network  INFO     The current network has a network clustering coefficient that is within the threshold
2021-06-09 15:32:06,780 __analyze_and_compare_network  INFO     Evaluating GenWS2DG algorithm, with these arguments : {'n': 10000, 'r': 5, 'k': 10, 'q': 2}
2021-06-09 15:37:25,644 analyze_degree_distribution    INFO     Degree to num nodes : [(28, 1), (29, 2), (31, 1), (32, 2), (33, 2), (34, 3), (35, 7), (36, 2), (37, 2), (38, 8), (39, 10), (40, 8), (41, 8), (42, 17), (43, 20), (44, 11), (45, 16), (46, 17), (47, 20), (48, 28), (49, 32), (50, 31), (51, 41), (52, 29), (53, 34), (54, 39), (55, 49), (56, 31), (57, 38), (58, 40), (59, 38), (60, 30), (61, 41), (62, 40), (63, 55), (64, 46), (65, 64), (66, 73), (67, 66), (68, 64), (69, 108), (70, 134), (71, 127), (72, 167), (73, 186), (74, 215), (75, 232), (76, 264), (77, 313), (78, 304), (79, 292), (80, 350), (81, 367), (82, 361), (83, 365), (84, 357), (85, 369), (86, 386), (87, 384), (88, 390), (89, 328), (90, 323), (91, 334), (92, 262), (93, 273), (94, 215), (95, 207), (96, 194), (97, 183), (98, 146), (99, 122), (100, 120), (101, 117), (102, 85), (103, 61), (104, 62), (105, 59), (106, 42), (107, 25), (108, 27), (109, 16), (110, 19), (111, 12), (112, 8), (113, 10), (114, 4), (115, 2), (116, 4), (117, 2), (120, 1)]
2021-06-09 15:37:25,644 analyze_degree_distribution    INFO     Mean of the degrees : 73.5 standard deviation : 26.056029372616745
2021-06-09 15:53:03,232 __analyze_and_compare_network  INFO     Network diameter : 5
2021-06-09 15:53:13,409 __analyze_and_compare_network  INFO     Network average clustering coefficient : 0.5167892199386787
2021-06-09 15:53:13,409 __analyze_and_compare_network  INFO     The current network has a degree mean that is within the threshold
2021-06-09 15:53:13,409 __analyze_and_compare_network  INFO     The current network has a degree std that is within the threshold
2021-06-09 15:53:13,409 __analyze_and_compare_network  INFO     The current network has a diameter that is within the threshold
2021-06-09 15:53:13,409 __analyze_and_compare_network  INFO     The current network has a network clustering coefficient that is within the threshold
2021-06-09 15:53:13,409 __analyze_and_compare_network  INFO     Evaluating GenWS2DG algorithm, with these arguments : {'n': 10000, 'r': 5, 'k': 5, 'q': 2}
2021-06-09 15:56:48,294 analyze_degree_distribution    INFO     Degree to num nodes : [(23, 1), (25, 1), (26, 2), (29, 3), (30, 4), (31, 3), (32, 6), (33, 2), (34, 3), (35, 6), (36, 7), (37, 15), (38, 7), (39, 11), (40, 14), (41, 10), (42, 19), (43, 15), (44, 23), (45, 34), (46, 24), (47, 44), (48, 29), (49, 26), (50, 41), (51, 35), (52, 38), (53, 39), (54, 38), (55, 39), (56, 55), (57, 64), (58, 60), (59, 58), (60, 53), (61, 63), (62, 78), (63, 101), (64, 87), (65, 105), (66, 118), (67, 153), (68, 179), (69, 189), (70, 215), (71, 211), (72, 254), (73, 248), (74, 252), (75, 294), (76, 352), (77, 320), (78, 334), (79, 347), (80, 367), (81, 377), (82, 347), (83, 347), (84, 337), (85, 311), (86, 335), (87, 333), (88, 308), (89, 287), (90, 230), (91, 247), (92, 218), (93, 167), (94, 151), (95, 145), (96, 122), (97, 119), (98, 86), (99, 73), (100, 59), (101, 62), (102, 45), (103, 41), (104, 30), (105, 22), (106, 31), (107, 22), (108, 9), (109, 10), (110, 10), (111, 4), (112, 3), (113, 5), (114, 4), (115, 3), (117, 1), (118, 2), (119, 1)]
2021-06-09 15:56:48,294 analyze_degree_distribution    INFO     Mean of the degrees : 71.95698924731182 standard deviation : 27.029221136326576
2021-06-09 16:12:40,579 __analyze_and_compare_network  INFO     Network diameter : 5
2021-06-09 16:12:48,933 __analyze_and_compare_network  INFO     Network average clustering coefficient : 0.5562777687941065
2021-06-09 16:12:48,933 __analyze_and_compare_network  INFO     The current network has a degree mean that is within the threshold
2021-06-09 16:12:48,933 __analyze_and_compare_network  INFO     The current network has a degree std that is within the threshold
2021-06-09 16:12:48,933 __analyze_and_compare_network  INFO     The current network has a diameter that is within the threshold
2021-06-09 16:12:48,933 __analyze_and_compare_network  INFO     The current network has a network clustering coefficient that is within the threshold
2021-06-09 16:12:49,263 __analyze_and_compare_network  INFO     Evaluating GenWS2DG algorithm, with these arguments : {'n': 10000, 'r': 3, 'k': 10, 'q': 2}
2021-06-09 16:17:53,855 analyze_degree_distribution    INFO     Degree to num nodes : [(12, 2), (13, 2), (14, 2), (15, 3), (16, 7), (17, 12), (18, 11), (19, 20), (20, 29), (21, 40), (22, 48), (23, 58), (24, 77), (25, 110), (26, 132), (27, 137), (28, 222), (29, 241), (30, 286), (31, 388), (32, 473), (33, 475), (34, 566), (35, 588), (36, 660), (37, 707), (38, 704), (39, 621), (40, 622), (41, 576), (42, 474), (43, 395), (44, 296), (45, 265), (46, 220), (47, 149), (48, 102), (49, 82), (50, 66), (51, 39), (52, 38), (53, 13), (54, 17), (55, 11), (56, 7), (57, 3), (58, 2), (60, 1), (61, 1)]
2021-06-09 16:17:53,856 analyze_degree_distribution    INFO     Mean of the degrees : 36.04081632653061 standard deviation : 14.211175802900966
2021-06-09 16:26:45,703 __analyze_and_compare_network  INFO     Network diameter : 5
2021-06-09 16:26:47,856 __analyze_and_compare_network  INFO     Network average clustering coefficient : 0.36951193318928155
2021-06-09 16:26:47,856 __analyze_and_compare_network  INFO     The current network has a degree mean that is within the threshold
2021-06-09 16:26:47,856 __analyze_and_compare_network  INFO     The current network has a degree std that is within the threshold
2021-06-09 16:26:47,856 __analyze_and_compare_network  INFO     The current network has a diameter that is within the threshold
2021-06-09 16:26:47,856 __analyze_and_compare_network  INFO     Evaluating GenWS2DG algorithm, with these arguments : {'n': 10000, 'r': 3, 'k': 20, 'q': 2}
2021-06-09 16:36:04,937 analyze_degree_distribution    INFO     Degree to num nodes : [(11, 1), (15, 3), (16, 2), (18, 1), (19, 5), (20, 6), (21, 4), (22, 9), (23, 9), (24, 10), (25, 17), (26, 24), (27, 40), (28, 50), (29, 49), (30, 73), (31, 80), (32, 83), (33, 89), (34, 129), (35, 162), (36, 176), (37, 212), (38, 291), (39, 304), (40, 346), (41, 369), (42, 420), (43, 479), (44, 525), (45, 547), (46, 622), (47, 580), (48, 586), (49, 509), (50, 465), (51, 464), (52, 429), (53, 379), (54, 295), (55, 270), (56, 209), (57, 184), (58, 127), (59, 95), (60, 85), (61, 53), (62, 40), (63, 26), (64, 24), (65, 14), (66, 5), (67, 9), (68, 8), (69, 3), (70, 2), (72, 1), (74, 1)]
2021-06-09 16:36:04,937 analyze_degree_distribution    INFO     Mean of the degrees : 43.44827586206897 standard deviation : 17.010313721075732
2021-06-09 16:48:22,318 __analyze_and_compare_network  INFO     Network diameter : 5
2021-06-09 16:48:25,926 __analyze_and_compare_network  INFO     Network average clustering coefficient : 0.265862490034796
2021-06-09 16:48:25,926 __analyze_and_compare_network  INFO     The current network has a degree mean that is within the threshold
2021-06-09 16:48:25,926 __analyze_and_compare_network  INFO     The current network has a degree std that is within the threshold
2021-06-09 16:48:25,926 __analyze_and_compare_network  INFO     The current network has a diameter that is within the threshold
2021-06-09 16:48:25,926 __analyze_and_compare_network  INFO     Evaluating GenWS2DG algorithm, with these arguments : {'n': 10000, 'r': 10, 'k': 10, 'q': 3}
2021-06-09 16:54:00,320 analyze_degree_distribution    INFO     Degree to num nodes : [(85, 2), (86, 1), (87, 2), (89, 1), (90, 1), (94, 2), (95, 1), (96, 1), (100, 1), (101, 4), (104, 1), (105, 2), (108, 1), (109, 1), (110, 1), (111, 2), (113, 2), (114, 2), (116, 2), (118, 2), (119, 3), (120, 2), (121, 1), (122, 1), (123, 3), (124, 4), (125, 3), (126, 2), (127, 2), (128, 6), (129, 3), (130, 2), (131, 1), (132, 7), (133, 1), (134, 4), (135, 4), (136, 2), (137, 2), (138, 4), (139, 5), (140, 5), (141, 3), (142, 8), (143, 5), (144, 6), (145, 4), (146, 8), (147, 3), (148, 10), (149, 7), (150, 14), (151, 8), (152, 13), (153, 8), (154, 10), (155, 7), (156, 13), (157, 8), (158, 13), (159, 10), (160, 17), (161, 12), (162, 15), (163, 8), (164, 18), (165, 11), (166, 22), (167, 14), (168, 13), (169, 18), (170, 18), (171, 11), (172, 19), (173, 21), (174, 16), (175, 22), (176, 20), (177, 21), (178, 21), (179, 15), (180, 23), (181, 20), (182, 14), (183, 19), (184, 18), (185, 19), (186, 22), (187, 15), (188, 9), (189, 20), (190, 16), (191, 12), (192, 16), (193, 14), (194, 12), (195, 19), (196, 17), (197, 18), (198, 21), (199, 21), (200, 20), (201, 16), (202, 13), (203, 18), (204, 16), (205, 24), (206, 17), (207, 18), (208, 15), (209, 17), (210, 22), (211, 18), (212, 25), (213, 21), (214, 24), (215, 19), (216, 17), (217, 24), (218, 23), (219, 19), (220, 16), (221, 21), (222, 14), (223, 15), (224, 24), (225, 17), (226, 18), (227, 20), (228, 18), (229, 19), (230, 16), (231, 16), (232, 20), (233, 13), (234, 17), (235, 19), (236, 20), (237, 15), (238, 22), (239, 15), (240, 21), (241, 18), (242, 21), (243, 18), (244, 20), (245, 15), (246, 13), (247, 22), (248, 20), (249, 17), (250, 19), (251, 25), (252, 18), (253, 27), (254, 17), (255, 13), (256, 12), (257, 23), (258, 23), (259, 22), (260, 21), (261, 28), (262, 21), (263, 18), (264, 22), (265, 21), (266, 21), (267, 27), (268, 33), (269, 27), (270, 23), (271, 26), (272, 27), (273, 29), (274, 36), (275, 33), (276, 32), (277, 40), (278, 48), (279, 54), (280, 42), (281, 45), (282, 48), (283, 47), (284, 50), (285, 64), (286, 64), (287, 63), (288, 64), (289, 63), (290, 70), (291, 85), (292, 78), (293, 75), (294, 92), (295, 98), (296, 117), (297, 121), (298, 124), (299, 129), (300, 135), (301, 141), (302, 135), (303, 146), (304, 168), (305, 146), (306, 155), (307, 132), (308, 153), (309, 170), (310, 184), (311, 149), (312, 168), (313, 174), (314, 162), (315, 158), (316, 157), (317, 159), (318, 144), (319, 145), (320, 131), (321, 125), (322, 132), (323, 124), (324, 155), (325, 114), (326, 127), (327, 117), (328, 114), (329, 99), (330, 96), (331, 91), (332, 93), (333, 81), (334, 90), (335, 77), (336, 73), (337, 62), (338, 68), (339, 50), (340, 55), (341, 32), (342, 51), (343, 44), (344, 47), (345, 44), (346, 40), (347, 49), (348, 35), (349, 33), (350, 26), (351, 28), (352, 19), (353, 27), (354, 17), (355, 28), (356, 10), (357, 17), (358, 9), (359, 16), (360, 6), (361, 13), (362, 9), (363, 10), (364, 10), (365, 5), (366, 5), (367, 6), (368, 5), (369, 3), (370, 3), (371, 1), (372, 3), (373, 3), (375, 3), (381, 1), (384, 2)]
2021-06-09 16:54:00,320 analyze_degree_distribution    INFO     Mean of the degrees : 237.05395683453239 standard deviation : 81.19897823912116
2021-06-09 17:30:34,226 __analyze_and_compare_network  INFO     Network diameter : 6
2021-06-09 17:32:25,925 __analyze_and_compare_network  INFO     Network average clustering coefficient : 0.6183170459990963
2021-06-09 17:32:25,925 __analyze_and_compare_network  INFO     The current network has a diameter that is within the threshold
2021-06-09 17:32:25,925 __analyze_and_compare_network  INFO     The current network has a network clustering coefficient that is within the threshold
2021-06-09 17:32:25,925 __analyze_and_compare_network  INFO     Evaluating GenWS2DG algorithm, with these arguments : {'n': 10000, 'r': 5, 'k': 10, 'q': 3}
2021-06-09 17:37:48,254 analyze_degree_distribution    INFO     Degree to num nodes : [(24, 1), (26, 2), (28, 2), (29, 4), (30, 5), (31, 3), (32, 9), (33, 8), (34, 5), (35, 13), (36, 11), (37, 17), (38, 23), (39, 19), (40, 21), (41, 23), (42, 30), (43, 39), (44, 29), (45, 31), (46, 24), (47, 31), (48, 29), (49, 35), (50, 35), (51, 38), (52, 40), (53, 43), (54, 46), (55, 37), (56, 41), (57, 46), (58, 63), (59, 59), (60, 61), (61, 64), (62, 81), (63, 91), (64, 120), (65, 127), (66, 164), (67, 173), (68, 175), (69, 220), (70, 253), (71, 255), (72, 331), (73, 317), (74, 369), (75, 408), (76, 404), (77, 399), (78, 408), (79, 415), (80, 411), (81, 405), (82, 393), (83, 347), (84, 336), (85, 307), (86, 303), (87, 263), (88, 238), (89, 194), (90, 161), (91, 132), (92, 131), (93, 125), (94, 99), (95, 87), (96, 81), (97, 67), (98, 58), (99, 52), (100, 31), (101, 26), (102, 16), (103, 12), (104, 8), (105, 4), (106, 9), (108, 4), (109, 2), (110, 1)]
2021-06-09 17:37:48,254 analyze_degree_distribution    INFO     Mean of the degrees : 67.5 standard deviation : 24.36894002814316
2021-06-09 17:50:46,798 __analyze_and_compare_network  INFO     Network diameter : 8
2021-06-09 17:50:54,140 __analyze_and_compare_network  INFO     Network average clustering coefficient : 0.59162824612903
2021-06-09 17:50:54,140 __analyze_and_compare_network  INFO     The current network has a degree mean that is within the threshold
2021-06-09 17:50:54,140 __analyze_and_compare_network  INFO     The current network has a degree std that is within the threshold
2021-06-09 17:50:54,140 __analyze_and_compare_network  INFO     The current network has a diameter that is within the threshold
2021-06-09 17:50:54,140 __analyze_and_compare_network  INFO     The current network has a network clustering coefficient that is within the threshold
2021-06-09 17:50:54,140 __analyze_and_compare_network  INFO     Evaluating GenWS2DG algorithm, with these arguments : {'n': 10000, 'r': 5, 'k': 5, 'q': 3}
2021-06-09 17:53:50,065 analyze_degree_distribution    INFO     Degree to num nodes : [(18, 1), (21, 2), (22, 3), (23, 1), (24, 1), (27, 2), (28, 3), (29, 4), (30, 5), (31, 6), (32, 6), (33, 5), (34, 13), (35, 9), (36, 11), (37, 15), (38, 25), (39, 20), (40, 22), (41, 22), (42, 27), (43, 26), (44, 34), (45, 29), (46, 33), (47, 38), (48, 23), (49, 49), (50, 52), (51, 38), (52, 50), (53, 49), (54, 46), (55, 55), (56, 61), (57, 62), (58, 75), (59, 63), (60, 73), (61, 78), (62, 89), (63, 88), (64, 120), (65, 145), (66, 141), (67, 152), (68, 215), (69, 226), (70, 275), (71, 271), (72, 305), (73, 281), (74, 371), (75, 362), (76, 391), (77, 387), (78, 454), (79, 410), (80, 432), (81, 420), (82, 373), (83, 397), (84, 354), (85, 314), (86, 293), (87, 278), (88, 225), (89, 182), (90, 169), (91, 141), (92, 140), (93, 99), (94, 89), (95, 65), (96, 50), (97, 37), (98, 37), (99, 22), (100, 17), (101, 18), (102, 4), (103, 4), (104, 5), (105, 5), (106, 1), (107, 5), (108, 1), (110, 2), (112, 1)]
2021-06-09 17:53:50,065 analyze_degree_distribution    INFO     Mean of the degrees : 65.89887640449439 standard deviation : 25.976240199792358
2021-06-09 18:05:24,475 __analyze_and_compare_network  INFO     Network diameter : 10
2021-06-09 18:05:32,564 __analyze_and_compare_network  INFO     Network average clustering coefficient : 0.5968759275996314
2021-06-09 18:05:32,564 __analyze_and_compare_network  INFO     The current network has a degree mean that is within the threshold
2021-06-09 18:05:32,564 __analyze_and_compare_network  INFO     The current network has a degree std that is within the threshold
2021-06-09 18:05:32,564 __analyze_and_compare_network  INFO     The current network has a network clustering coefficient that is within the threshold
2021-06-09 18:05:32,564 analyze_all                    INFO     The analysis of the proprosed models is finished
2021-06-09 18:05:32,564 analyze_all                    INFO     This models : [('GenWS2DG', {'n': 10000, 'r': 5, 'k': 10, 'q': 2}), ('GenWS2DG', {'n': 10000, 'r': 5, 'k': 5, 'q': 2}), ('GenWS2DG', {'n': 10000, 'r': 5, 'k': 10, 'q': 3})] reflect the target network
