2021-06-11 19:24:40,945 load_network                   INFO     There are 10000 nodes in the graph, and 388147 edges in the graph
2021-06-11 19:24:40,969 analyze_degree_distribution    INFO     Degree to num nodes : [(19, 1), (20, 1), (24, 1), (26, 1), (27, 1), (28, 1), (29, 1), (30, 1), (31, 4), (32, 4), (33, 6), (34, 6), (35, 6), (36, 14), (37, 11), (38, 14), (39, 19), (40, 25), (41, 13), (42, 24), (43, 29), (44, 24), (45, 30), (46, 26), (47, 21), (48, 35), (49, 31), (50, 46), (51, 40), (52, 40), (53, 44), (54, 53), (55, 43), (56, 53), (57, 60), (58, 69), (59, 63), (60, 71), (61, 76), (62, 102), (63, 117), (64, 108), (65, 137), (66, 142), (67, 158), (68, 191), (69, 180), (70, 221), (71, 225), (72, 262), (73, 268), (74, 277), (75, 314), (76, 291), (77, 365), (78, 377), (79, 389), (80, 373), (81, 385), (82, 385), (83, 404), (84, 351), (85, 339), (86, 336), (87, 285), (88, 279), (89, 248), (90, 218), (91, 220), (92, 152), (93, 158), (94, 123), (95, 115), (96, 102), (97, 76), (98, 59), (99, 49), (100, 31), (101, 29), (102, 31), (103, 28), (104, 21), (105, 16), (106, 5), (107, 8), (108, 6), (109, 8), (110, 7), (111, 5), (112, 4), (113, 6), (114, 3), (115, 1), (116, 2)]
2021-06-11 19:24:40,970 analyze_degree_distribution    INFO     Mean of the degrees : 77.6294 standard deviation : 12.64564176465552
2021-06-11 19:24:41,969 load_network                   INFO     There are 10000 nodes in the graph, and 157365 edges in the graph
2021-06-11 19:24:42,032 analyze_degree_distribution    INFO     Degree to num nodes : [(15, 2), (16, 1), (17, 8), (18, 16), (19, 32), (20, 49), (21, 84), (22, 96), (23, 190), (24, 237), (25, 327), (26, 443), (27, 573), (28, 707), (29, 752), (30, 831), (31, 825), (32, 779), (33, 727), (34, 720), (35, 578), (36, 493), (37, 414), (38, 320), (39, 240), (40, 171), (41, 130), (42, 108), (43, 52), (44, 41), (45, 21), (46, 15), (47, 7), (48, 4), (49, 4), (50, 2), (52, 1)]
2021-06-11 19:24:42,032 analyze_degree_distribution    INFO     Mean of the degrees : 31.473 standard deviation : 4.902985926963282
2021-06-11 19:24:43,688 load_network                   INFO     There are 10000 nodes in the graph, and 939066 edges in the graph
2021-06-11 19:24:43,742 analyze_degree_distribution    INFO     Degree to num nodes : [(49, 2), (55, 1), (56, 1), (57, 1), (58, 1), (59, 2), (61, 1), (63, 2), (66, 1), (67, 1), (68, 2), (70, 3), (71, 1), (73, 1), (74, 1), (75, 3), (76, 1), (77, 4), (78, 2), (79, 2), (80, 3), (81, 2), (82, 6), (83, 2), (84, 1), (85, 2), (86, 6), (87, 4), (88, 4), (89, 6), (90, 3), (91, 8), (92, 6), (93, 6), (94, 10), (95, 7), (96, 6), (97, 10), (98, 6), (99, 15), (100, 9), (101, 13), (102, 13), (103, 9), (104, 12), (105, 14), (106, 16), (107, 26), (108, 22), (109, 16), (110, 19), (111, 24), (112, 13), (113, 23), (114, 15), (115, 22), (116, 30), (117, 27), (118, 25), (119, 21), (120, 25), (121, 25), (122, 30), (123, 33), (124, 19), (125, 21), (126, 25), (127, 19), (128, 29), (129, 20), (130, 18), (131, 23), (132, 34), (133, 16), (134, 31), (135, 28), (136, 24), (137, 24), (138, 17), (139, 16), (140, 25), (141, 26), (142, 29), (143, 21), (144, 19), (145, 22), (146, 27), (147, 25), (148, 18), (149, 27), (150, 19), (151, 18), (152, 24), (153, 24), (154, 25), (155, 18), (156, 16), (157, 22), (158, 23), (159, 32), (160, 27), (161, 28), (162, 31), (163, 29), (164, 30), (165, 39), (166, 30), (167, 25), (168, 31), (169, 26), (170, 38), (171, 44), (172, 41), (173, 54), (174, 41), (175, 45), (176, 51), (177, 70), (178, 50), (179, 74), (180, 71), (181, 87), (182, 87), (183, 104), (184, 103), (185, 120), (186, 133), (187, 149), (188, 170), (189, 166), (190, 186), (191, 205), (192, 221), (193, 227), (194, 228), (195, 242), (196, 251), (197, 280), (198, 273), (199, 285), (200, 297), (201, 289), (202, 282), (203, 254), (204, 248), (205, 227), (206, 267), (207, 206), (208, 196), (209, 196), (210, 186), (211, 160), (212, 152), (213, 135), (214, 147), (215, 113), (216, 90), (217, 107), (218, 111), (219, 90), (220, 78), (221, 66), (222, 41), (223, 44), (224, 32), (225, 26), (226, 16), (227, 21), (228, 16), (229, 20), (230, 16), (231, 8), (232, 5), (233, 3), (234, 7), (235, 2), (236, 2)]
2021-06-11 19:24:43,743 analyze_degree_distribution    INFO     Mean of the degrees : 187.8132 standard deviation : 29.26330647346605
2021-06-11 19:24:44,449 load_network                   INFO     There are 10000 nodes in the graph, and 151500 edges in the graph
2021-06-11 19:24:44,639 analyze_degree_distribution    INFO     Degree to num nodes : [(15, 2), (16, 3), (17, 16), (18, 12), (19, 55), (20, 68), (21, 118), (22, 178), (23, 285), (24, 376), (25, 456), (26, 590), (27, 684), (28, 789), (29, 826), (30, 814), (31, 803), (32, 787), (33, 706), (34, 596), (35, 458), (36, 367), (37, 288), (38, 238), (39, 167), (40, 99), (41, 84), (42, 47), (43, 32), (44, 20), (45, 19), (46, 9), (47, 5), (48, 2), (54, 1)]
2021-06-11 19:24:44,639 analyze_degree_distribution    INFO     Mean of the degrees : 30.3 standard deviation : 4.7982913625581345
2021-06-11 19:24:45,301 load_network                   INFO     There are 10000 nodes in the graph, and 142822 edges in the graph
2021-06-11 19:24:45,347 analyze_degree_distribution    INFO     Degree to num nodes : [(6, 1), (8, 5), (9, 8), (10, 12), (11, 14), (12, 21), (13, 29), (14, 36), (15, 50), (16, 62), (17, 97), (18, 108), (19, 156), (20, 198), (21, 271), (22, 324), (23, 422), (24, 461), (25, 544), (26, 656), (27, 704), (28, 697), (29, 739), (30, 666), (31, 703), (32, 617), (33, 530), (34, 412), (35, 350), (36, 262), (37, 249), (38, 182), (39, 148), (40, 89), (41, 69), (42, 46), (43, 27), (44, 14), (45, 10), (46, 8), (47, 1), (49, 1), (50, 1)]
2021-06-11 19:24:45,347 analyze_degree_distribution    INFO     Mean of the degrees : 28.5644 standard deviation : 5.772283139278599
2021-06-11 19:24:45,800 load_network                   INFO     There are 10000 nodes in the graph, and 80183 edges in the graph
2021-06-11 19:24:45,829 analyze_degree_distribution    INFO     Degree to num nodes : [(4, 3), (5, 4), (6, 17), (7, 35), (8, 76), (9, 139), (10, 230), (11, 387), (12, 571), (13, 771), (14, 986), (15, 1147), (16, 1200), (17, 1160), (18, 981), (19, 781), (20, 579), (21, 410), (22, 234), (23, 136), (24, 77), (25, 41), (26, 18), (27, 13), (28, 4)]
2021-06-11 19:24:45,830 analyze_degree_distribution    INFO     Mean of the degrees : 16.0366 standard deviation : 3.39332586705138
2021-06-11 19:24:47,411 load_network                   INFO     There are 10000 nodes in the graph, and 939129 edges in the graph
2021-06-11 19:24:47,455 analyze_degree_distribution    INFO     Degree to num nodes : [(53, 1), (54, 1), (56, 1), (57, 1), (58, 1), (61, 1), (62, 1), (65, 1), (67, 2), (70, 1), (73, 4), (74, 1), (76, 6), (77, 1), (78, 3), (79, 1), (80, 1), (81, 3), (82, 1), (83, 2), (84, 2), (85, 3), (86, 6), (87, 5), (88, 3), (89, 3), (90, 3), (91, 10), (92, 8), (93, 7), (94, 5), (95, 12), (96, 6), (97, 10), (98, 11), (99, 17), (100, 10), (101, 12), (102, 18), (103, 11), (104, 22), (105, 23), (106, 23), (107, 21), (108, 23), (109, 21), (110, 25), (111, 17), (112, 21), (113, 22), (114, 28), (115, 22), (116, 29), (117, 32), (118, 19), (119, 25), (120, 28), (121, 23), (122, 20), (123, 19), (124, 28), (125, 25), (126, 27), (127, 26), (128, 27), (129, 14), (130, 25), (131, 27), (132, 29), (133, 25), (134, 21), (135, 24), (136, 22), (137, 24), (138, 20), (139, 24), (140, 26), (141, 22), (142, 24), (143, 20), (144, 25), (145, 20), (146, 17), (147, 26), (148, 30), (149, 21), (150, 23), (151, 24), (152, 28), (153, 30), (154, 27), (155, 24), (156, 28), (157, 16), (158, 28), (159, 36), (160, 22), (161, 28), (162, 32), (163, 37), (164, 25), (165, 24), (166, 23), (167, 35), (168, 36), (169, 44), (170, 53), (171, 55), (172, 50), (173, 49), (174, 59), (175, 58), (176, 82), (177, 92), (178, 87), (179, 110), (180, 92), (181, 87), (182, 110), (183, 114), (184, 94), (185, 96), (186, 111), (187, 139), (188, 141), (189, 144), (190, 144), (191, 169), (192, 184), (193, 203), (194, 207), (195, 219), (196, 170), (197, 228), (198, 227), (199, 193), (200, 224), (201, 246), (202, 230), (203, 236), (204, 217), (205, 253), (206, 238), (207, 219), (208, 199), (209, 221), (210, 222), (211, 174), (212, 161), (213, 179), (214, 147), (215, 146), (216, 133), (217, 115), (218, 115), (219, 105), (220, 92), (221, 85), (222, 58), (223, 61), (224, 48), (225, 43), (226, 28), (227, 29), (228, 25), (229, 29), (230, 27), (231, 11), (232, 10), (233, 15), (234, 13), (235, 6), (236, 4), (237, 4), (238, 9), (239, 4), (240, 1), (241, 2), (243, 1)]
2021-06-11 19:24:47,455 analyze_degree_distribution    INFO     Mean of the degrees : 187.8258 standard deviation : 30.49924678348631
2021-06-11 19:24:48,602 load_network                   INFO     There are 10000 nodes in the graph, and 558602 edges in the graph
2021-06-11 19:24:48,754 analyze_degree_distribution    INFO     Degree to num nodes : [(38, 2), (40, 1), (41, 2), (42, 3), (43, 1), (44, 2), (45, 1), (46, 2), (47, 3), (48, 1), (49, 2), (50, 9), (51, 3), (52, 3), (53, 3), (54, 9), (55, 10), (56, 15), (57, 10), (58, 19), (59, 14), (60, 14), (61, 17), (62, 23), (63, 21), (64, 22), (65, 17), (66, 17), (67, 18), (68, 28), (69, 42), (70, 32), (71, 32), (72, 36), (73, 39), (74, 34), (75, 35), (76, 36), (77, 38), (78, 34), (79, 38), (80, 42), (81, 43), (82, 34), (83, 37), (84, 47), (85, 35), (86, 32), (87, 35), (88, 50), (89, 62), (90, 46), (91, 51), (92, 58), (93, 45), (94, 63), (95, 54), (96, 74), (97, 70), (98, 85), (99, 88), (100, 104), (101, 129), (102, 142), (103, 156), (104, 190), (105, 166), (106, 213), (107, 243), (108, 206), (109, 240), (110, 287), (111, 295), (112, 263), (113, 315), (114, 275), (115, 292), (116, 304), (117, 311), (118, 315), (119, 312), (120, 296), (121, 291), (122, 271), (123, 267), (124, 236), (125, 234), (126, 227), (127, 207), (128, 209), (129, 186), (130, 153), (131, 164), (132, 132), (133, 108), (134, 78), (135, 71), (136, 72), (137, 52), (138, 43), (139, 32), (140, 31), (141, 24), (142, 25), (143, 19), (144, 11), (145, 17), (146, 7), (147, 11), (148, 9), (149, 3), (150, 5), (151, 1), (152, 6), (153, 2), (154, 2), (156, 1)]
2021-06-11 19:24:48,754 analyze_degree_distribution    INFO     Mean of the degrees : 111.7204 standard deviation : 17.263383904669443
2021-06-11 19:24:49,452 load_network                   INFO     There are 10000 nodes in the graph, and 243307 edges in the graph
2021-06-11 19:24:49,545 analyze_degree_distribution    INFO     Degree to num nodes : [(14, 1), (15, 2), (16, 2), (17, 3), (18, 9), (19, 3), (20, 6), (21, 15), (22, 22), (23, 18), (24, 19), (25, 28), (26, 24), (27, 31), (28, 47), (29, 47), (30, 33), (31, 55), (32, 54), (33, 59), (34, 49), (35, 96), (36, 88), (37, 127), (38, 135), (39, 190), (40, 231), (41, 241), (42, 282), (43, 316), (44, 399), (45, 462), (46, 483), (47, 473), (48, 509), (49, 545), (50, 547), (51, 576), (52, 507), (53, 508), (54, 465), (55, 378), (56, 391), (57, 302), (58, 286), (59, 228), (60, 187), (61, 125), (62, 100), (63, 91), (64, 67), (65, 44), (66, 34), (67, 18), (68, 16), (69, 9), (70, 9), (71, 4), (72, 4)]
2021-06-11 19:24:49,545 analyze_degree_distribution    INFO     Mean of the degrees : 48.6614 standard deviation : 8.132893091637195
2021-06-11 19:24:50,095 load_network                   INFO     There are 10000 nodes in the graph, and 139458 edges in the graph
2021-06-11 19:24:50,136 analyze_degree_distribution    INFO     Degree to num nodes : [(3, 1), (8, 1), (9, 3), (10, 9), (11, 13), (12, 22), (13, 39), (14, 28), (15, 60), (16, 86), (17, 92), (18, 136), (19, 163), (20, 259), (21, 305), (22, 367), (23, 476), (24, 558), (25, 656), (26, 659), (27, 699), (28, 731), (29, 712), (30, 661), (31, 635), (32, 573), (33, 524), (34, 403), (35, 309), (36, 261), (37, 216), (38, 127), (39, 86), (40, 54), (41, 39), (42, 15), (43, 12), (44, 8), (45, 2)]
2021-06-11 19:24:50,136 analyze_degree_distribution    INFO     Mean of the degrees : 27.8916 standard deviation : 5.520366784915654
2021-06-11 19:24:52,000 load_network                   INFO     There are 10000 nodes in the graph, and 1182363 edges in the graph
2021-06-11 19:24:52,048 analyze_degree_distribution    INFO     Degree to num nodes : [(70, 1), (74, 1), (76, 1), (77, 2), (80, 1), (81, 1), (82, 1), (85, 1), (87, 1), (88, 1), (89, 1), (93, 4), (95, 3), (96, 4), (97, 2), (98, 2), (99, 1), (100, 1), (102, 2), (103, 4), (104, 2), (105, 3), (107, 2), (109, 2), (110, 3), (111, 1), (112, 4), (113, 2), (114, 2), (115, 1), (116, 4), (117, 3), (118, 2), (119, 10), (120, 5), (121, 6), (122, 5), (123, 3), (124, 11), (125, 5), (126, 11), (127, 11), (128, 13), (129, 12), (130, 14), (131, 15), (132, 14), (133, 15), (134, 13), (135, 17), (136, 10), (137, 11), (138, 14), (139, 10), (140, 8), (141, 21), (142, 23), (143, 14), (144, 15), (145, 23), (146, 19), (147, 21), (148, 22), (149, 25), (150, 25), (151, 24), (152, 19), (153, 21), (154, 34), (155, 18), (156, 17), (157, 18), (158, 34), (159, 23), (160, 23), (161, 16), (162, 26), (163, 33), (164, 20), (165, 25), (166, 22), (167, 28), (168, 23), (169, 17), (170, 29), (171, 29), (172, 23), (173, 18), (174, 29), (175, 19), (176, 25), (177, 24), (178, 31), (179, 21), (180, 23), (181, 26), (182, 18), (183, 27), (184, 18), (185, 27), (186, 25), (187, 21), (188, 24), (189, 10), (190, 21), (191, 23), (192, 16), (193, 24), (194, 23), (195, 27), (196, 25), (197, 22), (198, 18), (199, 19), (200, 15), (201, 27), (202, 20), (203, 22), (204, 28), (205, 22), (206, 28), (207, 31), (208, 15), (209, 27), (210, 26), (211, 27), (212, 27), (213, 27), (214, 25), (215, 25), (216, 27), (217, 30), (218, 25), (219, 29), (220, 33), (221, 42), (222, 38), (223, 50), (224, 52), (225, 46), (226, 52), (227, 54), (228, 47), (229, 46), (230, 66), (231, 76), (232, 84), (233, 107), (234, 80), (235, 121), (236, 105), (237, 124), (238, 129), (239, 150), (240, 147), (241, 127), (242, 170), (243, 158), (244, 167), (245, 166), (246, 190), (247, 170), (248, 203), (249, 192), (250, 177), (251, 197), (252, 188), (253, 185), (254, 198), (255, 210), (256, 195), (257, 199), (258, 175), (259, 187), (260, 180), (261, 161), (262, 189), (263, 153), (264, 150), (265, 165), (266, 144), (267, 142), (268, 121), (269, 110), (270, 118), (271, 101), (272, 105), (273, 96), (274, 77), (275, 74), (276, 77), (277, 58), (278, 49), (279, 57), (280, 47), (281, 58), (282, 30), (283, 46), (284, 34), (285, 30), (286, 20), (287, 21), (288, 18), (289, 23), (290, 16), (291, 15), (292, 10), (293, 13), (294, 16), (295, 6), (296, 8), (297, 9), (298, 4), (299, 2), (300, 2), (301, 2), (303, 3), (304, 1)]
2021-06-11 19:24:52,048 analyze_degree_distribution    INFO     Mean of the degrees : 236.4726 standard deviation : 38.315822439822426
2021-06-11 19:24:53,367 load_network                   INFO     There are 10000 nodes in the graph, and 722266 edges in the graph
2021-06-11 19:24:53,554 analyze_degree_distribution    INFO     Degree to num nodes : [(42, 2), (43, 1), (44, 1), (46, 3), (47, 2), (48, 3), (49, 1), (50, 4), (52, 3), (53, 1), (55, 1), (57, 3), (58, 1), (59, 1), (60, 3), (61, 3), (62, 3), (63, 4), (64, 3), (65, 4), (66, 7), (67, 6), (68, 11), (69, 13), (70, 1), (71, 5), (72, 5), (73, 10), (74, 15), (75, 9), (76, 7), (77, 18), (78, 18), (79, 17), (80, 25), (81, 19), (82, 19), (83, 22), (84, 27), (85, 20), (86, 28), (87, 18), (88, 25), (89, 24), (90, 35), (91, 31), (92, 28), (93, 31), (94, 22), (95, 34), (96, 25), (97, 18), (98, 27), (99, 30), (100, 26), (101, 24), (102, 35), (103, 31), (104, 27), (105, 28), (106, 30), (107, 29), (108, 30), (109, 29), (110, 30), (111, 32), (112, 31), (113, 31), (114, 37), (115, 45), (116, 31), (117, 30), (118, 28), (119, 33), (120, 49), (121, 51), (122, 40), (123, 48), (124, 53), (125, 48), (126, 55), (127, 54), (128, 56), (129, 76), (130, 80), (131, 83), (132, 94), (133, 97), (134, 93), (135, 99), (136, 123), (137, 130), (138, 138), (139, 134), (140, 174), (141, 173), (142, 186), (143, 188), (144, 216), (145, 256), (146, 242), (147, 243), (148, 239), (149, 253), (150, 245), (151, 288), (152, 279), (153, 273), (154, 243), (155, 245), (156, 237), (157, 224), (158, 241), (159, 212), (160, 197), (161, 171), (162, 160), (163, 170), (164, 153), (165, 156), (166, 152), (167, 143), (168, 134), (169, 124), (170, 103), (171, 93), (172, 96), (173, 77), (174, 63), (175, 59), (176, 46), (177, 53), (178, 35), (179, 41), (180, 26), (181, 20), (182, 17), (183, 23), (184, 22), (185, 12), (186, 14), (187, 13), (188, 10), (189, 9), (190, 9), (191, 5), (192, 5), (193, 10), (194, 7)]
2021-06-11 19:24:53,554 analyze_degree_distribution    INFO     Mean of the degrees : 144.4532 standard deviation : 23.42763773324148
2021-06-11 19:24:54,462 load_network                   INFO     There are 10000 nodes in the graph, and 397986 edges in the graph
2021-06-11 19:24:54,562 analyze_degree_distribution    INFO     Degree to num nodes : [(24, 1), (25, 1), (26, 1), (27, 1), (29, 3), (30, 5), (31, 2), (32, 2), (33, 4), (34, 8), (35, 6), (36, 9), (37, 11), (38, 11), (39, 19), (40, 15), (41, 22), (42, 27), (43, 34), (44, 26), (45, 23), (46, 33), (47, 23), (48, 36), (49, 29), (50, 36), (51, 37), (52, 33), (53, 40), (54, 39), (55, 31), (56, 50), (57, 36), (58, 52), (59, 40), (60, 54), (61, 45), (62, 48), (63, 78), (64, 47), (65, 87), (66, 90), (67, 98), (68, 92), (69, 102), (70, 153), (71, 167), (72, 183), (73, 237), (74, 254), (75, 286), (76, 293), (77, 375), (78, 373), (79, 442), (80, 432), (81, 440), (82, 443), (83, 498), (84, 453), (85, 393), (86, 389), (87, 349), (88, 336), (89, 285), (90, 267), (91, 209), (92, 209), (93, 179), (94, 154), (95, 133), (96, 95), (97, 90), (98, 66), (99, 51), (100, 41), (101, 41), (102, 33), (103, 39), (104, 28), (105, 13), (106, 14), (107, 11), (108, 18), (109, 7), (110, 4), (111, 8), (112, 2), (113, 4), (114, 1), (115, 3), (116, 2), (118, 4), (119, 2), (120, 2), (125, 2)]
2021-06-11 19:24:54,562 analyze_degree_distribution    INFO     Mean of the degrees : 79.5972 standard deviation : 12.395747341729743
2021-06-11 19:24:54,987 load_network                   INFO     There are 10000 nodes in the graph, and 36179 edges in the graph
2021-06-11 19:24:55,052 analyze_degree_distribution    INFO     Degree to num nodes : [(1, 11), (2, 99), (3, 275), (4, 650), (5, 1102), (6, 1605), (7, 1751), (8, 1783), (9, 1271), (10, 774), (11, 416), (12, 162), (13, 67), (14, 21), (15, 9), (16, 4)]
2021-06-11 19:24:55,052 analyze_degree_distribution    INFO     Mean of the degrees : 7.2358 standard deviation : 2.1784853361911805
2021-06-11 19:24:56,491 load_network                   INFO     There are 10000 nodes in the graph, and 813653 edges in the graph
2021-06-11 19:24:56,524 analyze_degree_distribution    INFO     Degree to num nodes : [(54, 2), (56, 1), (64, 1), (66, 2), (67, 1), (68, 1), (69, 1), (72, 2), (73, 1), (74, 1), (75, 3), (76, 5), (78, 6), (79, 3), (80, 2), (81, 3), (82, 2), (83, 7), (84, 4), (85, 2), (86, 8), (87, 6), (88, 7), (89, 4), (90, 8), (91, 7), (92, 16), (93, 17), (94, 11), (95, 14), (96, 17), (97, 24), (98, 22), (99, 28), (100, 17), (101, 26), (102, 19), (103, 32), (104, 19), (105, 24), (106, 24), (107, 31), (108, 27), (109, 31), (110, 35), (111, 25), (112, 24), (113, 25), (114, 25), (115, 27), (116, 27), (117, 26), (118, 36), (119, 27), (120, 40), (121, 21), (122, 23), (123, 22), (124, 28), (125, 25), (126, 29), (127, 25), (128, 31), (129, 27), (130, 33), (131, 34), (132, 30), (133, 30), (134, 34), (135, 27), (136, 31), (137, 35), (138, 28), (139, 31), (140, 41), (141, 41), (142, 57), (143, 53), (144, 45), (145, 54), (146, 59), (147, 67), (148, 73), (149, 69), (150, 81), (151, 87), (152, 99), (153, 93), (154, 127), (155, 147), (156, 147), (157, 139), (158, 154), (159, 170), (160, 196), (161, 219), (162, 211), (163, 227), (164, 204), (165, 272), (166, 243), (167, 237), (168, 252), (169, 218), (170, 267), (171, 256), (172, 283), (173, 261), (174, 265), (175, 247), (176, 218), (177, 226), (178, 243), (179, 236), (180, 185), (181, 196), (182, 166), (183, 164), (184, 147), (185, 147), (186, 115), (187, 133), (188, 116), (189, 92), (190, 81), (191, 86), (192, 86), (193, 61), (194, 44), (195, 46), (196, 33), (197, 40), (198, 27), (199, 22), (200, 17), (201, 19), (202, 14), (203, 9), (204, 4), (205, 3), (206, 3), (207, 2), (208, 5), (209, 1), (211, 2)]
2021-06-11 19:24:56,524 analyze_degree_distribution    INFO     Mean of the degrees : 162.7306 standard deviation : 23.092995120598797
2021-06-11 19:24:57,231 load_network                   INFO     There are 10000 nodes in the graph, and 245046 edges in the graph
2021-06-11 19:24:57,376 analyze_degree_distribution    INFO     Degree to num nodes : [(13, 1), (14, 3), (15, 1), (16, 1), (17, 1), (18, 1), (19, 8), (20, 5), (21, 18), (22, 12), (23, 14), (24, 33), (25, 38), (26, 36), (27, 33), (28, 43), (29, 52), (30, 52), (31, 54), (32, 69), (33, 76), (34, 57), (35, 77), (36, 90), (37, 120), (38, 129), (39, 162), (40, 183), (41, 208), (42, 285), (43, 294), (44, 349), (45, 395), (46, 457), (47, 509), (48, 509), (49, 561), (50, 597), (51, 514), (52, 472), (53, 450), (54, 453), (55, 444), (56, 375), (57, 341), (58, 270), (59, 250), (60, 228), (61, 161), (62, 122), (63, 105), (64, 78), (65, 78), (66, 45), (67, 23), (68, 21), (69, 13), (70, 8), (71, 3), (72, 4), (74, 2), (77, 2), (78, 2), (81, 1), (82, 1), (87, 1)]
2021-06-11 19:24:57,376 analyze_degree_distribution    INFO     Mean of the degrees : 49.0092 standard deviation : 8.478485440218671
2021-06-11 19:24:57,783 load_network                   INFO     There are 10000 nodes in the graph, and 63685 edges in the graph
2021-06-11 19:24:57,825 analyze_degree_distribution    INFO     Degree to num nodes : [(2, 1), (3, 10), (4, 23), (5, 78), (6, 182), (7, 341), (8, 508), (9, 734), (10, 926), (11, 1061), (12, 1118), (13, 1042), (14, 949), (15, 859), (16, 667), (17, 509), (18, 373), (19, 241), (20, 162), (21, 96), (22, 57), (23, 30), (24, 15), (25, 10), (26, 2), (27, 5), (28, 1)]
2021-06-11 19:24:57,825 analyze_degree_distribution    INFO     Mean of the degrees : 12.737 standard deviation : 3.600670909705579
